,sex,length,diameter,height,whole_weight,shucked_weight,viscera_weight,shell_weight,rings
0,M,0.455,0.365,0.095,0.514,0.2245,0.10099999999999999,0.15,15
1,M,0.35,0.265,0.09,0.2255,0.0995,0.0485,0.07,7
2,F,0.53,0.42,0.135,0.677,0.2565,0.1415,0.21,9
3,M,0.44,0.365,0.125,0.516,0.2155,0.114,0.155,10
4,I,0.33,0.255,0.08,0.205,0.0895,0.0395,0.055,7
5,I,0.425,0.3,0.095,0.3515,0.141,0.0775,0.12,8
6,F,0.53,0.415,0.15,0.7775,0.237,0.1415,0.33,20
7,F,0.545,0.425,0.125,0.768,0.294,0.1495,0.26,16
8,M,0.475,0.37,0.125,0.5095,0.2165,0.1125,0.165,9
9,F,0.55,0.44,0.15,0.8945,0.3145,0.151,0.32,19
10,F,0.525,0.38,0.14,0.6065,0.19399999999999998,0.1475,0.21,14
11,M,0.43,0.35,0.11,0.406,0.1675,0.081,0.135,10
12,M,0.49,0.38,0.135,0.5415,0.2175,0.095,0.19,11
13,F,0.535,0.405,0.145,0.6845,0.2725,0.171,0.205,10
14,F,0.47,0.355,0.1,0.4755,0.1675,0.0805,0.185,10
15,M,0.5,0.4,0.13,0.6645,0.258,0.133,0.24,12
16,I,0.355,0.28,0.085,0.2905,0.095,0.0395,0.115,7
17,F,0.44,0.34,0.1,0.451,0.188,0.087,0.13,10
18,M,0.365,0.295,0.08,0.2555,0.09699999999999999,0.043,0.1,7
19,M,0.45,0.32,0.1,0.381,0.1705,0.075,0.115,9
20,M,0.355,0.28,0.095,0.2455,0.0955,0.062,0.075,11
21,I,0.38,0.275,0.1,0.2255,0.08,0.049,0.085,10
22,F,0.565,0.44,0.155,0.9395,0.4275,0.214,0.27,12
23,F,0.55,0.415,0.135,0.7635,0.318,0.21,0.2,9
24,F,0.615,0.48,0.165,1.1615,0.513,0.301,0.305,10
25,F,0.56,0.44,0.14,0.9285,0.3825,0.188,0.3,11
26,F,0.58,0.45,0.185,0.9955,0.3945,0.272,0.285,11
27,M,0.59,0.445,0.14,0.9309999999999999,0.35600000000000004,0.23399999999999999,0.28,12
28,M,0.605,0.475,0.18,0.9365,0.39399999999999996,0.21899999999999997,0.295,15
29,M,0.575,0.425,0.14,0.8635,0.39299999999999996,0.22699999999999998,0.2,11
30,M,0.58,0.47,0.165,0.9975,0.3935,0.242,0.33,10
31,F,0.68,0.56,0.165,1.639,0.6055,0.2805,0.46,15
32,M,0.665,0.525,0.165,1.338,0.5515,0.3575,0.35,18
33,F,0.68,0.55,0.175,1.798,0.815,0.3925,0.455,19
34,F,0.705,0.55,0.2,1.7095,0.633,0.4115,0.49,13
35,M,0.465,0.355,0.105,0.4795,0.22699999999999998,0.124,0.125,8
36,F,0.54,0.475,0.155,1.217,0.5305,0.3075,0.34,16
37,F,0.45,0.355,0.105,0.5225,0.237,0.1165,0.145,8
38,F,0.575,0.445,0.135,0.883,0.381,0.2035,0.26,11
39,M,0.355,0.29,0.09,0.3275,0.134,0.086,0.09,9
40,F,0.45,0.335,0.105,0.425,0.1865,0.091,0.115,9
41,F,0.55,0.425,0.135,0.8515,0.36200000000000004,0.196,0.27,14
42,I,0.24,0.175,0.045,0.07,0.0315,0.0235,0.02,5
43,I,0.205,0.15,0.055,0.042,0.0255,0.015,0.012,5
44,I,0.21,0.15,0.05,0.042,0.0175,0.0125,0.015,4
45,I,0.39,0.295,0.095,0.203,0.0875,0.045,0.075,7
46,M,0.47,0.37,0.12,0.5795,0.293,0.22699999999999998,0.14,9
47,F,0.46,0.375,0.12,0.4605,0.1775,0.11,0.15,7
48,I,0.325,0.245,0.07,0.161,0.0755,0.0255,0.045,6
49,F,0.525,0.425,0.16,0.8355,0.3545,0.2135,0.245,9
50,I,0.52,0.41,0.12,0.595,0.2385,0.111,0.19,8
51,M,0.4,0.32,0.095,0.303,0.1335,0.06,0.1,7
52,M,0.485,0.36,0.13,0.5415,0.2595,0.096,0.16,10
53,F,0.47,0.36,0.12,0.4775,0.2105,0.1055,0.15,10
54,M,0.405,0.31,0.1,0.385,0.17300000000000001,0.0915,0.11,7
55,F,0.5,0.4,0.14,0.6615,0.2565,0.1755,0.22,8
56,M,0.445,0.35,0.12,0.4425,0.192,0.0955,0.135,8
57,M,0.47,0.385,0.135,0.5895,0.2765,0.12,0.17,8
58,I,0.245,0.19,0.06,0.086,0.042,0.013999999999999999,0.025,4
59,F,0.505,0.4,0.125,0.583,0.24600000000000002,0.13,0.175,7
60,M,0.45,0.345,0.105,0.4115,0.18,0.1125,0.135,7
61,M,0.505,0.405,0.11,0.625,0.305,0.16,0.175,9
62,F,0.53,0.41,0.13,0.6965,0.302,0.1935,0.2,10
63,M,0.425,0.325,0.095,0.3785,0.1705,0.08,0.1,7
64,M,0.52,0.4,0.12,0.58,0.23399999999999999,0.1315,0.185,8
65,M,0.475,0.355,0.12,0.48,0.23399999999999999,0.1015,0.135,8
66,F,0.565,0.44,0.16,0.915,0.354,0.1935,0.32,12
67,F,0.595,0.495,0.185,1.285,0.41600000000000004,0.22399999999999998,0.485,13
68,F,0.475,0.39,0.12,0.5305,0.2135,0.1155,0.17,10
69,I,0.31,0.235,0.07,0.151,0.063,0.0405,0.045,6
70,M,0.555,0.425,0.13,0.7665,0.264,0.168,0.275,13
71,F,0.4,0.32,0.11,0.353,0.1405,0.0985,0.1,8
72,F,0.595,0.475,0.17,1.247,0.48,0.225,0.425,20
73,M,0.57,0.48,0.175,1.185,0.474,0.261,0.38,11
74,F,0.605,0.45,0.195,1.0979999999999999,0.48100000000000004,0.2895,0.315,13
75,F,0.6,0.475,0.15,1.0075,0.4425,0.221,0.28,15
76,M,0.595,0.475,0.14,0.9440000000000001,0.3625,0.18899999999999997,0.315,9
77,F,0.6,0.47,0.15,0.922,0.363,0.19399999999999998,0.305,10
78,F,0.555,0.425,0.14,0.7879999999999999,0.282,0.1595,0.285,11
79,F,0.615,0.475,0.17,1.1025,0.4695,0.2355,0.345,14
80,F,0.575,0.445,0.14,0.941,0.3845,0.252,0.285,9
81,M,0.62,0.51,0.175,1.615,0.5105,0.192,0.675,12
82,F,0.52,0.425,0.165,0.9885,0.396,0.225,0.32,16
83,M,0.595,0.475,0.16,1.3175,0.408,0.23399999999999999,0.58,21
84,M,0.58,0.45,0.14,1.013,0.38,0.21600000000000003,0.36,14
85,F,0.57,0.465,0.18,1.295,0.33899999999999997,0.2225,0.44,12
86,M,0.625,0.465,0.14,1.195,0.4825,0.205,0.4,13
87,M,0.56,0.44,0.16,0.8645,0.3305,0.2075,0.26,10
88,F,0.46,0.355,0.13,0.517,0.2205,0.114,0.165,9
89,F,0.575,0.45,0.16,0.9775,0.3135,0.231,0.33,12
90,M,0.565,0.425,0.135,0.8115,0.341,0.1675,0.255,15
91,M,0.555,0.44,0.15,0.755,0.307,0.1525,0.26,12
92,M,0.595,0.465,0.175,1.115,0.4015,0.254,0.39,13
93,F,0.625,0.495,0.165,1.262,0.507,0.318,0.39,10
94,M,0.695,0.56,0.19,1.494,0.588,0.3425,0.485,15
95,M,0.665,0.535,0.195,1.6059999999999999,0.5755,0.38799999999999996,0.48,14
96,M,0.535,0.435,0.15,0.725,0.26899999999999996,0.1385,0.25,9
97,M,0.47,0.375,0.13,0.523,0.214,0.132,0.145,8
98,M,0.47,0.37,0.13,0.5225,0.201,0.133,0.165,7
99,F,0.475,0.375,0.125,0.5785,0.2775,0.085,0.155,10
100,I,0.36,0.265,0.095,0.2315,0.105,0.046,0.075,7
101,M,0.55,0.435,0.145,0.843,0.32799999999999996,0.1915,0.255,15
102,M,0.53,0.435,0.16,0.883,0.316,0.16399999999999998,0.335,15
103,M,0.53,0.415,0.14,0.7240000000000001,0.3105,0.1675,0.205,10
104,M,0.605,0.47,0.16,1.1735,0.4975,0.2405,0.345,12
105,F,0.52,0.41,0.155,0.727,0.29100000000000004,0.1835,0.235,12
106,F,0.545,0.43,0.165,0.802,0.2935,0.183,0.28,11
107,F,0.5,0.4,0.125,0.6675,0.261,0.1315,0.22,10
108,F,0.51,0.39,0.135,0.6335,0.231,0.179,0.2,9
109,F,0.435,0.395,0.105,0.3635,0.136,0.098,0.13,9
110,M,0.495,0.395,0.125,0.5415,0.2375,0.1345,0.155,9
111,M,0.465,0.36,0.105,0.431,0.172,0.107,0.175,9
112,I,0.435,0.32,0.08,0.3325,0.1485,0.0635,0.105,9
113,M,0.425,0.35,0.105,0.39299999999999996,0.13,0.063,0.165,9
114,F,0.545,0.41,0.125,0.6935,0.2975,0.146,0.21,11
115,F,0.53,0.415,0.115,0.5915,0.233,0.1585,0.18,11
116,F,0.49,0.375,0.135,0.6125,0.2555,0.102,0.22,11
117,M,0.44,0.34,0.105,0.402,0.1305,0.0955,0.165,10
118,F,0.56,0.43,0.15,0.8825,0.3465,0.172,0.31,9
119,M,0.405,0.305,0.085,0.2605,0.1145,0.0595,0.085,8
120,F,0.47,0.365,0.105,0.4205,0.163,0.1035,0.14,9
121,I,0.385,0.295,0.085,0.2535,0.10300000000000001,0.0575,0.085,7
122,F,0.515,0.425,0.14,0.7659999999999999,0.304,0.1725,0.255,14
123,M,0.37,0.265,0.075,0.214,0.09,0.051,0.07,6
124,I,0.36,0.28,0.08,0.1755,0.081,0.0505,0.07,6
125,I,0.27,0.195,0.06,0.073,0.0285,0.0235,0.03,5
126,I,0.375,0.275,0.09,0.23800000000000002,0.1075,0.0545,0.07,6
127,I,0.385,0.29,0.085,0.2505,0.11199999999999999,0.061,0.08,8
128,M,0.7,0.535,0.16,1.7255,0.63,0.2635,0.54,19
129,M,0.71,0.54,0.165,1.959,0.7665,0.261,0.78,18
130,M,0.595,0.48,0.165,1.262,0.4835,0.28300000000000003,0.41,17
131,F,0.44,0.35,0.125,0.4035,0.175,0.063,0.129,9
132,F,0.325,0.26,0.09,0.1915,0.085,0.036000000000000004,0.062,7
133,I,0.35,0.26,0.095,0.21100000000000002,0.086,0.055999999999999994,0.068,7
134,I,0.265,0.2,0.065,0.0975,0.04,0.0205,0.027999999999999997,7
135,F,0.425,0.33,0.115,0.406,0.1635,0.081,0.1355,8
136,F,0.305,0.23,0.08,0.156,0.0675,0.0345,0.048,7
137,M,0.345,0.255,0.09,0.2005,0.094,0.0295,0.063,9
138,F,0.405,0.325,0.11,0.3555,0.151,0.063,0.11699999999999999,9
139,M,0.375,0.285,0.095,0.253,0.096,0.0575,0.0925,9
140,F,0.565,0.445,0.155,0.826,0.341,0.2055,0.2475,10
141,F,0.55,0.45,0.145,0.741,0.295,0.1435,0.2665,10
142,M,0.65,0.52,0.19,1.3445,0.519,0.306,0.4465,16
143,M,0.56,0.455,0.155,0.797,0.34,0.19,0.2425,11
144,M,0.475,0.375,0.13,0.5175,0.2075,0.1165,0.17,10
145,F,0.49,0.38,0.125,0.5489999999999999,0.245,0.1075,0.174,10
146,M,0.46,0.35,0.12,0.515,0.22399999999999998,0.10800000000000001,0.1565,10
147,I,0.28,0.205,0.08,0.127,0.052000000000000005,0.039,0.042,9
148,I,0.175,0.13,0.055,0.0315,0.0105,0.0065,0.0125,5
149,I,0.17,0.13,0.095,0.03,0.013000000000000001,0.008,0.01,4
150,M,0.59,0.475,0.145,1.053,0.4415,0.262,0.325,15
151,F,0.605,0.5,0.185,1.1185,0.469,0.2585,0.335,9
152,F,0.635,0.515,0.19,1.3715,0.5065,0.305,0.45,10
153,F,0.605,0.485,0.16,1.0565,0.37,0.2355,0.355,10
154,F,0.565,0.45,0.135,0.9885,0.387,0.1495,0.31,12
155,M,0.515,0.405,0.13,0.722,0.32,0.131,0.21,10
156,F,0.575,0.46,0.19,0.9940000000000001,0.392,0.2425,0.34,13
157,M,0.645,0.485,0.215,1.514,0.546,0.2615,0.635,16
158,F,0.58,0.455,0.17,0.9075,0.374,0.2135,0.285,13
159,F,0.575,0.46,0.165,1.124,0.2985,0.1785,0.44,13
160,M,0.605,0.465,0.165,1.056,0.4215,0.2475,0.34,13
161,F,0.605,0.485,0.16,1.222,0.53,0.2575,0.28,13
162,M,0.61,0.485,0.175,1.2445,0.544,0.297,0.345,12
163,F,0.725,0.56,0.21,2.141,0.65,0.39799999999999996,1.005,18
164,F,0.65,0.545,0.23,1.7519999999999998,0.5605,0.2895,0.815,16
165,M,0.725,0.57,0.19,2.55,1.0705,0.483,0.725,14
166,F,0.725,0.575,0.175,2.124,0.765,0.4515,0.85,20
167,F,0.68,0.57,0.205,1.8419999999999999,0.625,0.408,0.65,20
168,M,0.705,0.56,0.22,1.9809999999999999,0.8175,0.3085,0.76,14
169,F,0.68,0.515,0.175,1.6185,0.5125,0.409,0.62,12
170,M,0.695,0.55,0.215,1.9565,0.7125,0.541,0.59,14
171,F,0.53,0.395,0.145,0.775,0.308,0.16899999999999998,0.255,7
172,M,0.525,0.435,0.155,1.065,0.486,0.233,0.285,8
173,F,0.52,0.405,0.115,0.7759999999999999,0.32,0.1845,0.22,8
174,I,0.235,0.16,0.04,0.048,0.0185,0.018000000000000002,0.015,5
175,I,0.36,0.26,0.09,0.1785,0.0645,0.037000000000000005,0.075,7
176,I,0.315,0.21,0.06,0.125,0.06,0.0375,0.035,5
177,I,0.315,0.245,0.085,0.1435,0.053,0.0475,0.05,8
178,I,0.225,0.16,0.045,0.0465,0.025,0.015,0.015,4
179,M,0.58,0.475,0.15,0.97,0.385,0.2165,0.35,11
180,M,0.57,0.48,0.18,0.9395,0.39899999999999997,0.2,0.295,14
181,M,0.64,0.51,0.175,1.368,0.515,0.266,0.57,21
182,F,0.56,0.45,0.16,1.0235,0.429,0.268,0.3,10
183,F,0.62,0.475,0.175,1.0165,0.4355,0.214,0.325,10
184,F,0.645,0.51,0.2,1.5675,0.621,0.36700000000000005,0.46,12
185,M,0.62,0.49,0.19,1.218,0.5455,0.2965,0.355,13
186,F,0.63,0.48,0.15,1.0525,0.392,0.336,0.285,12
187,F,0.63,0.5,0.185,1.383,0.54,0.3315,0.38,10
188,F,0.63,0.48,0.16,1.199,0.5265,0.335,0.315,11
189,F,0.585,0.46,0.17,0.9325,0.365,0.271,0.29,9
190,M,0.615,0.48,0.18,1.1595,0.4845,0.2165,0.325,13
191,M,0.61,0.485,0.17,1.0225,0.419,0.2405,0.36,12
192,M,0.58,0.45,0.15,0.927,0.276,0.1815,0.36,14
193,I,0.355,0.275,0.085,0.22,0.092,0.06,0.15,8
194,F,0.51,0.4,0.14,0.8145,0.45899999999999996,0.1965,0.195,10
195,M,0.5,0.405,0.155,0.772,0.34600000000000003,0.1535,0.245,12
196,F,0.505,0.41,0.15,0.644,0.285,0.145,0.21,11
197,M,0.64,0.5,0.185,1.3035,0.4445,0.2635,0.465,16
198,M,0.56,0.45,0.16,0.922,0.43200000000000005,0.17800000000000002,0.26,15
199,M,0.585,0.46,0.185,0.922,0.3635,0.213,0.285,10
200,F,0.45,0.345,0.12,0.4165,0.1655,0.095,0.135,9
201,M,0.5,0.4,0.165,0.825,0.254,0.205,0.285,13
202,F,0.5,0.4,0.145,0.63,0.23399999999999999,0.1465,0.23,12
203,F,0.53,0.435,0.17,0.8155,0.2985,0.155,0.275,13
204,M,0.42,0.335,0.115,0.369,0.171,0.071,0.12,8
205,F,0.44,0.34,0.14,0.48200000000000004,0.18600000000000003,0.1085,0.16,9
206,I,0.4,0.3,0.11,0.315,0.109,0.067,0.12,9
207,I,0.435,0.34,0.11,0.3795,0.1495,0.085,0.12,8
208,F,0.525,0.415,0.17,0.8325,0.2755,0.1685,0.31,13
209,I,0.37,0.28,0.095,0.2655,0.122,0.052000000000000005,0.08,7
210,F,0.49,0.365,0.145,0.6345,0.1995,0.1625,0.22,10
211,M,0.335,0.25,0.09,0.18100000000000002,0.0755,0.0415,0.06,7
212,F,0.415,0.325,0.105,0.38,0.1595,0.0785,0.12,12
213,M,0.5,0.405,0.14,0.6155,0.24100000000000002,0.1355,0.205,9
214,F,0.485,0.395,0.16,0.66,0.2475,0.128,0.235,14
215,M,0.55,0.405,0.14,0.8025,0.244,0.1635,0.255,10
216,M,0.45,0.35,0.13,0.46,0.174,0.111,0.135,8
217,I,0.405,0.3,0.12,0.324,0.1265,0.07,0.11,7
218,M,0.47,0.36,0.135,0.501,0.1665,0.115,0.165,10
219,F,0.415,0.305,0.13,0.32,0.1305,0.0755,0.105,8
220,F,0.445,0.325,0.125,0.455,0.1785,0.1125,0.14,9
221,F,0.47,0.35,0.145,0.5175,0.187,0.1235,0.18,11
222,F,0.49,0.375,0.15,0.5755,0.22,0.14400000000000002,0.19,9
223,F,0.445,0.355,0.15,0.485,0.18100000000000002,0.125,0.155,11
224,I,0.425,0.38,0.105,0.3265,0.1285,0.0785,0.1,10
225,F,0.5,0.37,0.135,0.45,0.1715,0.1055,0.155,9
226,F,0.39,0.29,0.125,0.3055,0.121,0.08199999999999999,0.09,7
227,I,0.365,0.27,0.085,0.205,0.078,0.0485,0.07,7
228,F,0.58,0.465,0.165,1.1015,0.40399999999999997,0.2095,0.35,11
229,F,0.53,0.415,0.16,0.7829999999999999,0.2935,0.158,0.245,15
230,M,0.555,0.445,0.135,0.836,0.336,0.1625,0.275,13
231,M,0.565,0.44,0.175,0.9025,0.31,0.193,0.325,14
232,M,0.625,0.505,0.215,1.4455,0.496,0.287,0.435,22
233,I,0.275,0.215,0.075,0.1155,0.0485,0.028999999999999998,0.035,7
234,I,0.44,0.35,0.135,0.435,0.1815,0.083,0.125,12
235,I,0.295,0.225,0.08,0.124,0.0485,0.032,0.04,9
236,I,0.075,0.055,0.01,0.002,0.001,0.0005,0.0015,1
237,I,0.13,0.1,0.03,0.013000000000000001,0.0045,0.003,0.004,3
238,I,0.11,0.09,0.03,0.008,0.0025,0.002,0.003,3
239,I,0.16,0.12,0.035,0.021,0.0075,0.0045,0.005,5
240,M,0.565,0.425,0.16,0.9425,0.3495,0.2185,0.275,17
241,I,0.27,0.2,0.07,0.1,0.034,0.0245,0.035,5
242,I,0.23,0.175,0.065,0.0645,0.026000000000000002,0.0105,0.02,5
243,I,0.3,0.23,0.08,0.1275,0.0435,0.0265,0.04,8
244,I,0.33,0.255,0.085,0.1655,0.063,0.039,0.06,8
245,I,0.35,0.26,0.085,0.174,0.0705,0.0345,0.06,10
246,I,0.32,0.245,0.08,0.1585,0.0635,0.0325,0.05,13
247,I,0.36,0.275,0.085,0.1975,0.0745,0.0415,0.07,9
248,I,0.305,0.245,0.075,0.156,0.0675,0.038,0.045,7
249,I,0.345,0.27,0.11,0.2135,0.08199999999999999,0.0545,0.07,7
250,I,0.33,0.25,0.105,0.1715,0.0655,0.035,0.06,7
251,M,0.59,0.47,0.18,1.1235,0.4205,0.2805,0.36,13
252,F,0.595,0.455,0.155,1.0605,0.5135,0.2165,0.3,12
253,F,0.575,0.46,0.185,1.094,0.4485,0.217,0.345,15
254,M,0.6,0.495,0.165,1.2415,0.485,0.2775,0.34,15
255,M,0.56,0.45,0.175,1.011,0.3835,0.2065,0.37,15
256,M,0.56,0.45,0.185,1.07,0.3805,0.175,0.41,19
257,M,0.545,0.46,0.16,0.8975,0.341,0.1655,0.345,10
258,F,0.635,0.505,0.17,1.415,0.605,0.297,0.365,15
259,F,0.59,0.475,0.16,1.1015,0.4775,0.2555,0.295,13
260,F,0.54,0.475,0.155,0.9279999999999999,0.39399999999999996,0.19399999999999998,0.26,11
261,F,0.57,0.44,0.125,0.865,0.3675,0.1725,0.27,12
262,M,0.53,0.42,0.165,0.8945,0.319,0.239,0.245,11
263,I,0.245,0.195,0.06,0.095,0.0445,0.0245,0.026000000000000002,4
264,M,0.27,0.2,0.08,0.1205,0.0465,0.027999999999999997,0.04,6
265,F,0.46,0.38,0.13,0.639,0.3,0.1525,0.16,11
266,M,0.52,0.45,0.15,0.895,0.3615,0.18600000000000003,0.235,14
267,M,0.35,0.275,0.11,0.2925,0.1225,0.0635,0.0905,8
268,M,0.47,0.39,0.15,0.6355,0.2185,0.0885,0.255,9
269,F,0.45,0.36,0.125,0.4995,0.2035,0.1,0.17,13
270,F,0.64,0.525,0.215,1.7790000000000001,0.4535,0.2855,0.55,22
271,M,0.59,0.5,0.2,1.187,0.41200000000000003,0.2705,0.37,16
272,M,0.62,0.485,0.205,1.219,0.3875,0.2505,0.385,14
273,M,0.63,0.505,0.225,1.525,0.56,0.3335,0.45,15
274,M,0.63,0.515,0.155,1.2590000000000001,0.4105,0.19699999999999998,0.41,13
275,M,0.655,0.54,0.215,1.844,0.7425,0.327,0.585,22
276,F,0.66,0.53,0.185,1.3485,0.493,0.245,0.49,12
277,M,0.61,0.5,0.24,1.642,0.532,0.3345,0.69,18
278,M,0.635,0.525,0.205,1.484,0.55,0.3115,0.43,20
279,F,0.515,0.425,0.135,0.7120000000000001,0.2665,0.1605,0.25,11
280,F,0.535,0.415,0.185,0.8415,0.314,0.1585,0.3,15
281,I,0.36,0.285,0.105,0.2415,0.0915,0.057,0.075,7
282,F,0.455,0.355,0.12,0.4495,0.177,0.10400000000000001,0.15,9
283,M,0.485,0.395,0.14,0.6295,0.2285,0.127,0.225,14
284,M,0.515,0.38,0.175,0.9565,0.325,0.158,0.31,14
285,F,0.535,0.415,0.17,0.879,0.295,0.1965,0.285,10
286,M,0.53,0.435,0.155,0.6990000000000001,0.28800000000000003,0.1595,0.205,10
287,F,0.495,0.4,0.155,0.6445,0.242,0.1325,0.205,17
288,M,0.44,0.355,0.125,0.4775,0.132,0.0815,0.19,9
289,F,0.535,0.435,0.16,0.8105,0.3155,0.1795,0.24,10
290,M,0.54,0.435,0.18,0.996,0.3835,0.226,0.325,17
291,F,0.565,0.505,0.21,1.2765,0.501,0.27899999999999997,0.355,12
292,M,0.61,0.475,0.165,1.1159999999999999,0.428,0.2205,0.315,15
293,F,0.565,0.455,0.175,1.013,0.342,0.207,0.35,19
294,M,0.6,0.495,0.195,1.0575,0.384,0.19,0.375,26
295,I,0.295,0.215,0.085,0.128,0.049,0.034,0.04,6
296,I,0.275,0.205,0.075,0.1105,0.045,0.0285,0.035,6
297,I,0.28,0.21,0.085,0.1065,0.039,0.0295,0.03,4
298,M,0.49,0.395,0.14,0.5489999999999999,0.2215,0.1275,0.15,11
299,M,0.37,0.28,0.105,0.23399999999999999,0.0905,0.0585,0.075,9
300,F,0.405,0.305,0.095,0.3485,0.1455,0.0895,0.1,9
301,F,0.54,0.435,0.175,0.892,0.322,0.174,0.335,13
302,M,0.37,0.28,0.1,0.252,0.1065,0.0595,0.07400000000000001,8
303,M,0.36,0.27,0.1,0.217,0.0885,0.0495,0.0715,6
304,F,0.47,0.36,0.13,0.47200000000000003,0.182,0.114,0.15,10
305,I,0.2,0.145,0.06,0.037000000000000005,0.0125,0.0095,0.011000000000000001,4
306,I,0.165,0.12,0.03,0.0215,0.006999999999999999,0.005,0.005,3
307,M,0.645,0.515,0.24,1.5415,0.47100000000000003,0.369,0.535,13
308,M,0.55,0.41,0.125,0.7605,0.2505,0.1635,0.195,14
309,M,0.57,0.435,0.145,0.9055,0.3925,0.2355,0.275,10
310,F,0.63,0.485,0.19,1.2435,0.4635,0.3055,0.39,21
311,M,0.56,0.44,0.14,0.971,0.44299999999999995,0.2045,0.265,14
312,M,0.595,0.455,0.195,1.3305,0.4595,0.3235,0.345,19
313,F,0.62,0.47,0.2,1.2255,0.381,0.27,0.435,23
314,M,0.63,0.485,0.175,1.3,0.4335,0.2945,0.46,23
315,I,0.45,0.355,0.11,0.4585,0.19399999999999998,0.067,0.14,8
316,F,0.635,0.535,0.19,1.242,0.5760000000000001,0.2475,0.39,14
317,M,0.45,0.35,0.1,0.3675,0.1465,0.1015,0.12,10
318,F,0.58,0.455,0.155,0.8365,0.315,0.1385,0.32,18
319,I,0.33,0.255,0.095,0.172,0.066,0.0255,0.06,6
320,I,0.265,0.21,0.06,0.0965,0.0425,0.022000000000000002,0.03,5
321,I,0.19,0.145,0.04,0.038,0.0165,0.0065,0.015,4
322,M,0.385,0.31,0.1,0.2845,0.1065,0.075,0.1,11
323,I,0.265,0.205,0.07,0.1055,0.039,0.040999999999999995,0.035,5
324,M,0.335,0.265,0.105,0.222,0.0935,0.055999999999999994,0.075,7
325,I,0.355,0.275,0.09,0.251,0.09699999999999999,0.053,0.08,7
326,I,0.32,0.255,0.1,0.1755,0.073,0.0415,0.065,7
327,M,0.51,0.4,0.13,0.6435,0.27,0.1665,0.205,12
328,M,0.36,0.295,0.105,0.24100000000000002,0.0865,0.053,0.095,8
329,I,0.36,0.28,0.09,0.2255,0.0885,0.04,0.09,8
330,M,0.5,0.38,0.155,0.5955,0.2135,0.161,0.2,12
331,F,0.4,0.325,0.12,0.3185,0.134,0.0565,0.095,8
332,I,0.3,0.22,0.08,0.121,0.0475,0.042,0.035,5
333,I,0.235,0.175,0.04,0.0705,0.0335,0.015,0.02,5
334,F,0.74,0.6,0.195,1.974,0.598,0.4085,0.71,16
335,M,0.62,0.465,0.19,1.3415,0.5705,0.3175,0.355,11
336,M,0.6,0.475,0.19,1.0875,0.40299999999999997,0.2655,0.325,14
337,M,0.59,0.45,0.185,1.2830000000000001,0.473,0.276,0.425,16
338,M,0.62,0.475,0.185,1.325,0.6045,0.325,0.33,13
339,F,0.565,0.45,0.195,1.0035,0.406,0.2505,0.285,15
340,M,0.575,0.455,0.145,1.165,0.581,0.2275,0.3,14
341,F,0.62,0.51,0.205,1.3475,0.4775,0.2565,0.48,14
342,M,0.62,0.465,0.185,1.274,0.579,0.3065,0.32,12
343,F,0.505,0.375,0.18,0.568,0.2325,0.1495,0.17,12
344,F,0.46,0.425,0.155,0.746,0.3005,0.152,0.24,8
345,M,0.49,0.39,0.14,0.7070000000000001,0.2795,0.2185,0.18,13
346,F,0.525,0.42,0.16,0.7559999999999999,0.2745,0.17300000000000001,0.275,9
347,I,0.34,0.26,0.08,0.2,0.08,0.0555,0.055,6
348,I,0.375,0.305,0.115,0.2715,0.092,0.07400000000000001,0.09,8
349,M,0.61,0.48,0.15,1.2,0.56,0.2455,0.28,14
350,F,0.61,0.495,0.185,1.153,0.536,0.2905,0.245,8
351,F,0.585,0.45,0.17,0.8685,0.3325,0.1635,0.27,22
352,M,0.57,0.46,0.14,0.9535,0.4465,0.2065,0.245,12
353,M,0.58,0.455,0.17,0.93,0.408,0.259,0.22,9
354,M,0.635,0.515,0.17,1.275,0.509,0.28600000000000003,0.34,16
355,M,0.7,0.58,0.205,2.13,0.7415,0.49,0.58,20
356,M,0.675,0.525,0.185,1.587,0.6935,0.336,0.395,13
357,F,0.645,0.525,0.19,1.8085,0.7035,0.3885,0.395,18
358,M,0.745,0.585,0.215,2.499,0.9265,0.47200000000000003,0.7,17
359,F,0.685,0.545,0.18,1.768,0.7495,0.392,0.485,16
360,M,0.605,0.49,0.18,1.227,0.48,0.287,0.35,18
361,F,0.59,0.465,0.15,0.997,0.392,0.24600000000000002,0.34,12
362,F,0.65,0.525,0.175,1.4225,0.61,0.2995,0.445,20
363,F,0.6,0.48,0.15,1.0290000000000001,0.4085,0.2705,0.295,16
364,F,0.62,0.5,0.175,1.186,0.4985,0.3015,0.35,12
365,M,0.63,0.515,0.16,1.016,0.4215,0.244,0.355,19
366,M,0.58,0.465,0.145,0.887,0.4405,0.1655,0.265,11
367,F,0.58,0.455,0.12,1.0735,0.479,0.2735,0.265,10
368,M,0.63,0.49,0.18,1.13,0.45799999999999996,0.2765,0.315,12
369,F,0.69,0.56,0.215,1.719,0.68,0.299,0.47,17
370,F,0.65,0.545,0.165,1.5659999999999998,0.6645,0.3455,0.415,16
371,F,0.66,0.565,0.195,1.7605,0.6920000000000001,0.3265,0.5,16
372,F,0.68,0.58,0.2,1.787,0.585,0.45299999999999996,0.6,19
373,F,0.7,0.575,0.17,1.31,0.5095,0.314,0.42,14
374,M,0.685,0.52,0.15,1.3430000000000002,0.4635,0.292,0.4,13
375,F,0.675,0.545,0.195,1.7345,0.6845,0.3695,0.605,20
376,M,0.63,0.49,0.19,1.1775,0.4935,0.3365,0.285,11
377,F,0.585,0.45,0.16,1.077,0.4995,0.2875,0.25,10
378,M,0.565,0.465,0.175,0.995,0.3895,0.183,0.37,15
379,F,0.61,0.495,0.185,1.1085,0.3705,0.3135,0.33,12
380,M,0.605,0.47,0.18,1.1405,0.3755,0.2805,0.385,15
381,M,0.535,0.42,0.145,0.7909999999999999,0.33,0.18899999999999997,0.25,10
382,M,0.485,0.4,0.135,0.6629999999999999,0.313,0.13699999999999998,0.2,10
383,M,0.47,0.375,0.12,0.5565,0.226,0.122,0.195,12
384,M,0.545,0.425,0.135,0.8445,0.373,0.21,0.235,10
385,F,0.455,0.37,0.105,0.4925,0.21600000000000003,0.1245,0.135,9
386,M,0.54,0.42,0.155,0.7385,0.3515,0.152,0.215,12
387,M,0.46,0.38,0.135,0.48200000000000004,0.207,0.1225,0.145,10
388,M,0.49,0.42,0.125,0.609,0.239,0.1435,0.22,14
389,I,0.465,0.375,0.12,0.47100000000000003,0.222,0.11900000000000001,0.14,9
390,I,0.415,0.325,0.1,0.3215,0.1535,0.0595,0.105,10
391,M,0.475,0.375,0.125,0.593,0.27699999999999997,0.115,0.18,10
392,F,0.47,0.375,0.125,0.5615,0.252,0.13699999999999998,0.18,10
393,I,0.365,0.295,0.095,0.25,0.1075,0.0545,0.08,9
394,I,0.345,0.275,0.095,0.1995,0.0755,0.0535,0.07,6
395,I,0.39,0.31,0.1,0.302,0.11599999999999999,0.064,0.115,11
396,F,0.5,0.395,0.14,0.7155,0.3165,0.17600000000000002,0.24,10
397,M,0.47,0.38,0.145,0.5865,0.2385,0.14400000000000002,0.185,8
398,M,0.535,0.44,0.15,0.6765,0.256,0.139,0.26,12
399,M,0.585,0.455,0.15,0.987,0.4355,0.2075,0.31,11
400,F,0.485,0.365,0.12,0.5885,0.27,0.131,0.175,9
401,M,0.515,0.455,0.135,0.7225,0.295,0.1625,0.235,9
402,F,0.435,0.325,0.11,0.4335,0.17800000000000002,0.0985,0.155,7
403,F,0.515,0.415,0.14,0.6935,0.3115,0.152,0.2,10
404,I,0.44,0.345,0.12,0.365,0.1655,0.083,0.11,7
405,F,0.525,0.44,0.15,0.8425,0.3685,0.1985,0.24,12
406,M,0.45,0.355,0.115,0.479,0.2125,0.1045,0.15,8
407,M,0.59,0.485,0.12,0.9109999999999999,0.39,0.182,0.29,16
408,M,0.555,0.45,0.145,0.915,0.4,0.24600000000000002,0.285,11
409,M,0.57,0.44,0.095,0.8270000000000001,0.3395,0.2215,0.235,8
410,M,0.59,0.5,0.165,1.1045,0.4565,0.2425,0.34,15
411,M,0.585,0.475,0.12,0.945,0.41,0.2115,0.28,14
412,F,0.58,0.46,0.12,0.9935,0.4625,0.2385,0.28,11
413,M,0.545,0.44,0.12,0.8565,0.3475,0.1715,0.24,12
414,F,0.605,0.495,0.17,1.2385,0.528,0.2465,0.39,14
415,F,0.62,0.47,0.14,1.0325,0.3605,0.22399999999999998,0.36,15
416,F,0.63,0.5,0.17,1.3135,0.5595,0.267,0.4,20
417,M,0.63,0.515,0.165,1.3519999999999999,0.488,0.349,0.45,20
418,F,0.63,0.5,0.155,1.005,0.36700000000000005,0.19899999999999998,0.36,16
419,M,0.545,0.41,0.14,0.625,0.223,0.16,0.235,13
420,F,0.67,0.54,0.165,1.5015,0.518,0.358,0.505,14
421,I,0.49,0.38,0.12,0.529,0.2165,0.139,0.155,11
422,F,0.49,0.39,0.135,0.5785,0.2465,0.12300000000000001,0.2,13
423,I,0.29,0.225,0.07,0.10099999999999999,0.036000000000000004,0.0235,0.035,8
424,I,0.26,0.2,0.07,0.092,0.037000000000000005,0.02,0.03,6
425,M,0.58,0.45,0.175,1.068,0.425,0.203,0.32,13
426,F,0.61,0.485,0.165,1.0915,0.3935,0.2435,0.33,18
427,M,0.6,0.5,0.16,1.015,0.3995,0.1735,0.33,19
428,F,0.56,0.455,0.125,0.943,0.344,0.129,0.375,21
429,F,0.575,0.45,0.17,1.0475,0.3775,0.1705,0.385,18
430,F,0.57,0.45,0.175,0.9555,0.38,0.1665,0.295,18
431,M,0.6,0.47,0.155,1.036,0.4375,0.196,0.325,20
432,M,0.565,0.455,0.17,0.9065,0.342,0.156,0.32,18
433,M,0.545,0.42,0.14,0.7505,0.2475,0.13,0.255,22
434,I,0.44,0.345,0.1,0.366,0.122,0.0905,0.12,13
435,M,0.5,0.41,0.15,0.662,0.2815,0.13699999999999998,0.22,11
436,I,0.36,0.275,0.095,0.217,0.084,0.0435,0.09,7
437,I,0.385,0.305,0.095,0.252,0.0915,0.055,0.09,14
438,M,0.39,0.3,0.09,0.3055,0.14300000000000002,0.0645,0.085,9
439,M,0.5,0.415,0.165,0.6885,0.249,0.138,0.25,13
440,I,0.36,0.275,0.11,0.2335,0.095,0.0525,0.085,10
441,I,0.335,0.26,0.1,0.192,0.0785,0.0585,0.07,8
442,F,0.505,0.425,0.14,0.85,0.275,0.1625,0.285,19
443,I,0.395,0.295,0.1,0.2715,0.134,0.0325,0.085,10
444,F,0.41,0.325,0.105,0.3635,0.159,0.077,0.12,10
445,F,0.56,0.455,0.19,0.7140000000000001,0.28300000000000003,0.129,0.275,9
446,M,0.565,0.435,0.185,0.9815,0.32899999999999996,0.136,0.39,13
447,M,0.565,0.455,0.185,0.9265,0.354,0.1575,0.375,16
448,M,0.605,0.5,0.175,1.0979999999999999,0.4765,0.23199999999999998,0.375,12
449,F,0.565,0.455,0.15,0.8205,0.365,0.159,0.26,18
450,M,0.725,0.565,0.215,1.891,0.6975,0.4725,0.58,16
451,F,0.675,0.535,0.16,1.41,0.5920000000000001,0.3175,0.42,16
452,F,0.665,0.555,0.195,1.4385,0.581,0.354,0.36,17
453,F,0.565,0.49,0.155,0.9245,0.405,0.2195,0.255,11
454,F,0.645,0.55,0.175,1.2915,0.57,0.3045,0.33,14
455,M,0.575,0.47,0.14,0.8375,0.3485,0.1735,0.24,11
456,F,0.64,0.54,0.175,1.2209999999999999,0.51,0.259,0.39,15
457,I,0.36,0.28,0.105,0.19899999999999998,0.0695,0.045,0.08,9
458,I,0.415,0.31,0.11,0.2965,0.12300000000000001,0.057,0.0995,10
459,F,0.525,0.41,0.135,0.7085,0.293,0.1525,0.235,11
460,M,0.38,0.285,0.1,0.2665,0.115,0.061,0.075,11
461,F,0.585,0.465,0.17,0.9915,0.3865,0.22399999999999998,0.265,12
462,I,0.24,0.185,0.07,0.0715,0.026000000000000002,0.018000000000000002,0.025,6
463,I,0.22,0.165,0.055,0.0545,0.0215,0.012,0.02,5
464,I,0.255,0.195,0.07,0.0735,0.0255,0.02,0.025,6
465,I,0.175,0.125,0.05,0.0235,0.008,0.0035,0.008,5
466,F,0.67,0.55,0.19,1.3905,0.5425,0.3035,0.4,12
467,M,0.655,0.53,0.195,1.3880000000000001,0.5670000000000001,0.2735,0.41,13
468,F,0.68,0.55,0.21,1.7445,0.5975,0.305,0.625,17
469,M,0.675,0.555,0.2,1.4385,0.545,0.2665,0.465,21
470,F,0.53,0.44,0.135,0.7835,0.313,0.1715,0.2185,9
471,F,0.515,0.405,0.12,0.6459999999999999,0.2895,0.1405,0.177,10
472,I,0.43,0.34,0.12,0.3575,0.151,0.0645,0.1045,9
473,F,0.52,0.405,0.12,0.627,0.2645,0.1415,0.18100000000000002,11
474,F,0.545,0.415,0.16,0.7715,0.272,0.1455,0.2765,10
475,M,0.53,0.415,0.175,0.7395,0.261,0.1395,0.2645,17
476,F,0.465,0.35,0.115,0.42100000000000004,0.1565,0.091,0.1345,9
477,M,0.665,0.54,0.175,1.347,0.4955,0.254,0.415,17
478,M,0.735,0.59,0.225,1.756,0.637,0.3405,0.58,21
479,M,0.66,0.545,0.185,1.32,0.5305,0.2635,0.455,16
480,F,0.7,0.585,0.185,1.8075,0.7055,0.3215,0.475,29
481,M,0.575,0.4,0.155,0.9325,0.3605,0.2445,0.3,17
482,M,0.57,0.465,0.125,0.8490000000000001,0.3785,0.1765,0.24,15
483,F,0.58,0.46,0.15,0.9955,0.429,0.212,0.26,19
484,M,0.63,0.48,0.145,1.0115,0.4235,0.237,0.305,12
485,F,0.585,0.465,0.14,0.9079999999999999,0.381,0.1615,0.315,13
486,M,0.55,0.45,0.13,0.92,0.37799999999999995,0.2385,0.29,11
487,F,0.625,0.515,0.15,1.2415,0.5235,0.3065,0.36,15
488,M,0.54,0.42,0.135,0.8075,0.3485,0.1795,0.235,11
489,F,0.57,0.455,0.165,1.0595,0.44,0.2195,0.285,14
490,M,0.59,0.455,0.145,1.073,0.475,0.19,0.285,14
491,M,0.58,0.46,0.13,0.9209999999999999,0.35700000000000004,0.18100000000000002,0.29,13
492,F,0.655,0.51,0.155,1.2895,0.5345,0.2855,0.41,11
493,M,0.655,0.53,0.175,1.2635,0.486,0.2635,0.415,15
494,M,0.625,0.5,0.195,1.369,0.5875,0.2185,0.37,17
495,F,0.625,0.5,0.15,0.953,0.3445,0.2235,0.305,15
496,F,0.64,0.52,0.175,1.248,0.4245,0.2595,0.48,12
497,F,0.605,0.485,0.165,1.0105,0.435,0.209,0.3,19
498,F,0.615,0.525,0.155,1.0385,0.42700000000000005,0.2315,0.345,11
499,M,0.555,0.45,0.175,0.8740000000000001,0.3275,0.20199999999999999,0.305,10
500,F,0.58,0.44,0.18,0.8540000000000001,0.3665,0.1635,0.245,12
501,F,0.62,0.52,0.225,1.1835,0.37799999999999995,0.27,0.395,23
502,F,0.62,0.47,0.225,1.115,0.37799999999999995,0.2145,0.36,15
503,F,0.6,0.505,0.19,1.129,0.4385,0.256,0.36,13
504,F,0.625,0.485,0.19,1.1745,0.4385,0.2305,0.42,17
505,M,0.6,0.47,0.175,1.105,0.4865,0.247,0.315,15
506,M,0.56,0.46,0.235,0.8395,0.3325,0.157,0.305,12
507,M,0.585,0.455,0.225,1.055,0.3815,0.221,0.365,15
508,M,0.56,0.435,0.18,0.889,0.36,0.204,0.25,11
509,I,0.56,0.445,0.155,0.8735,0.3005,0.209,0.275,16
510,I,0.68,0.53,0.185,1.1095,0.439,0.245,0.34,10
511,F,0.455,0.35,0.14,0.5185,0.221,0.1265,0.135,10
512,F,0.49,0.38,0.145,0.6725,0.249,0.18100000000000002,0.21,10
513,M,0.31,0.22,0.085,0.146,0.061,0.0365,0.045,6
514,F,0.275,0.195,0.07,0.08,0.031,0.0215,0.025,5
515,M,0.27,0.195,0.08,0.1,0.0385,0.0195,0.03,6
516,M,0.4,0.29,0.115,0.2795,0.1115,0.0575,0.075,9
517,M,0.28,0.2,0.08,0.0915,0.033,0.0215,0.03,5
518,M,0.325,0.23,0.09,0.147,0.06,0.034,0.045,4
519,F,0.345,0.25,0.09,0.203,0.078,0.059000000000000004,0.055,6
520,M,0.21,0.15,0.05,0.0385,0.0155,0.0085,0.01,3
521,F,0.36,0.27,0.09,0.1885,0.0845,0.0385,0.055,5
522,I,0.365,0.26,0.115,0.218,0.0935,0.0445,0.07,9
523,M,0.2,0.14,0.055,0.035,0.0145,0.008,0.01,5
524,M,0.235,0.16,0.06,0.0545,0.0265,0.0095,0.015,4
525,M,0.175,0.125,0.04,0.024,0.0095,0.006,0.005,4
526,M,0.155,0.11,0.04,0.0155,0.0065,0.003,0.005,3
527,F,0.57,0.445,0.155,0.733,0.282,0.159,0.235,14
528,F,0.57,0.45,0.16,0.9715,0.3965,0.255,0.26,12
529,M,0.385,0.3,0.095,0.24,0.0885,0.059000000000000004,0.085,9
530,I,0.53,0.42,0.185,0.752,0.299,0.156,0.205,20
531,F,0.46,0.355,0.13,0.45799999999999996,0.192,0.1055,0.13,13
532,I,0.47,0.37,0.12,0.4705,0.1845,0.1055,0.155,12
533,F,0.435,0.335,0.11,0.38,0.1695,0.086,0.11,9
534,I,0.47,0.37,0.14,0.4985,0.2095,0.1225,0.145,10
535,I,0.465,0.38,0.13,0.45399999999999996,0.1895,0.08,0.155,11
536,I,0.52,0.405,0.14,0.5775,0.2,0.145,0.179,11
537,M,0.29,0.23,0.075,0.1165,0.043,0.0255,0.04,7
538,M,0.275,0.205,0.07,0.094,0.0335,0.02,0.0325,5
539,F,0.375,0.29,0.115,0.2705,0.09300000000000001,0.066,0.0885,10
540,F,0.5,0.375,0.14,0.604,0.242,0.1415,0.179,15
541,F,0.44,0.355,0.115,0.415,0.1585,0.0925,0.131,11
542,M,0.42,0.325,0.115,0.2885,0.1,0.057,0.1135,15
543,M,0.445,0.35,0.115,0.3615,0.1565,0.0695,0.11699999999999999,8
544,F,0.38,0.29,0.105,0.257,0.099,0.051,0.085,10
545,M,0.32,0.245,0.075,0.1555,0.0585,0.038,0.049,11
546,M,0.255,0.195,0.065,0.08,0.0315,0.018000000000000002,0.027000000000000003,8
547,M,0.205,0.155,0.045,0.0425,0.017,0.0055,0.0155,7
548,F,0.565,0.45,0.16,0.795,0.3605,0.1555,0.23,12
549,I,0.555,0.425,0.18,0.875,0.3695,0.2005,0.255,11
550,I,0.65,0.515,0.16,1.1625,0.495,0.203,0.33,17
551,I,0.615,0.49,0.155,0.9885,0.4145,0.195,0.345,13
552,I,0.56,0.44,0.165,0.8,0.335,0.1735,0.25,12
553,I,0.48,0.37,0.12,0.514,0.2075,0.131,0.155,13
554,I,0.485,0.39,0.125,0.591,0.287,0.141,0.12,9
555,I,0.5,0.385,0.15,0.6265,0.2605,0.1665,0.16,10
556,I,0.525,0.405,0.15,0.795,0.3075,0.205,0.255,14
557,F,0.66,0.5,0.165,1.1905,0.4585,0.298,0.37,12
558,F,0.66,0.53,0.17,1.3259999999999998,0.519,0.2625,0.44,13
559,I,0.52,0.4,0.145,0.66,0.267,0.1055,0.22,13
560,F,0.44,0.34,0.105,0.364,0.14800000000000002,0.0805,0.1175,8
561,I,0.515,0.4,0.12,0.659,0.2705,0.179,0.17,13
562,F,0.475,0.35,0.115,0.452,0.1715,0.092,0.155,11
563,F,0.545,0.415,0.15,0.7335,0.2795,0.163,0.2185,11
564,F,0.47,0.355,0.13,0.5465,0.2005,0.126,0.185,14
565,M,0.35,0.255,0.065,0.179,0.0705,0.0385,0.06,10
566,I,0.485,0.355,0.13,0.581,0.245,0.132,0.168,12
567,I,0.435,0.33,0.125,0.406,0.1685,0.1055,0.096,12
568,M,0.28,0.21,0.08,0.1085,0.040999999999999995,0.0265,0.0345,7
569,F,0.41,0.32,0.115,0.387,0.165,0.1005,0.0985,11
570,I,0.45,0.35,0.14,0.474,0.21,0.109,0.1275,16
571,I,0.45,0.345,0.135,0.44299999999999995,0.1975,0.0875,0.1175,14
572,F,0.59,0.455,0.155,1.0659999999999998,0.382,0.2275,0.415,20
573,F,0.57,0.44,0.14,0.9535,0.3785,0.201,0.305,17
574,I,0.61,0.475,0.15,0.9665,0.4145,0.2,0.345,10
575,F,0.61,0.475,0.14,1.133,0.5275,0.2355,0.35,11
576,I,0.56,0.425,0.14,0.9175,0.4005,0.1975,0.26,10
577,F,0.585,0.435,0.175,0.982,0.4055,0.2495,0.27,10
578,I,0.58,0.445,0.15,0.8865,0.38299999999999995,0.209,0.255,11
579,F,0.63,0.48,0.175,1.3675,0.5015,0.3035,0.515,17
580,F,0.625,0.49,0.175,1.2329999999999999,0.5565,0.247,0.365,11
581,I,0.55,0.425,0.15,0.8059999999999999,0.376,0.171,0.245,14
582,F,0.645,0.525,0.19,1.4635,0.6615,0.3435,0.435,19
583,I,0.46,0.355,0.14,0.4935,0.21600000000000003,0.133,0.115,13
584,F,0.41,0.305,0.1,0.363,0.1735,0.065,0.11,11
585,I,0.495,0.39,0.125,0.6655,0.284,0.162,0.2,11
586,I,0.52,0.425,0.17,0.6805,0.28,0.174,0.195,10
587,F,0.55,0.41,0.145,0.8285,0.3095,0.1905,0.25,13
588,M,0.45,0.335,0.14,0.4625,0.16399999999999998,0.076,0.15,14
589,F,0.405,0.31,0.12,0.3095,0.138,0.057999999999999996,0.095,13
590,I,0.51,0.4,0.15,0.745,0.2865,0.1675,0.235,13
591,F,0.37,0.29,0.115,0.25,0.111,0.057,0.075,9
592,I,0.525,0.41,0.175,0.8740000000000001,0.3585,0.207,0.205,18
593,F,0.66,0.52,0.18,1.514,0.526,0.2975,0.42,19
594,M,0.535,0.42,0.15,0.6995,0.2575,0.153,0.24,12
595,I,0.575,0.455,0.18,0.8525,0.3015,0.1825,0.3,13
596,F,0.55,0.43,0.14,0.7135,0.2565,0.18600000000000003,0.225,9
597,I,0.605,0.47,0.14,0.9390000000000001,0.3385,0.201,0.32,13
598,I,0.605,0.495,0.145,1.054,0.369,0.2255,0.36,12
599,F,0.56,0.445,0.195,0.981,0.305,0.2245,0.335,16
600,I,0.535,0.42,0.145,0.9259999999999999,0.39799999999999996,0.1965,0.25,17
601,F,0.385,0.315,0.11,0.28600000000000003,0.1225,0.0635,0.0835,10
602,F,0.39,0.3,0.1,0.265,0.1075,0.06,0.0865,13
603,I,0.47,0.345,0.115,0.4885,0.2005,0.10800000000000001,0.166,11
604,I,0.515,0.39,0.14,0.5555,0.2,0.1135,0.2235,12
605,I,0.425,0.345,0.125,0.425,0.16,0.0795,0.154,13
606,M,0.345,0.27,0.09,0.195,0.078,0.0455,0.059000000000000004,9
607,I,0.485,0.37,0.13,0.45799999999999996,0.18100000000000002,0.113,0.136,10
608,M,0.37,0.285,0.1,0.228,0.0675,0.0675,0.081,10
609,M,0.35,0.265,0.09,0.1775,0.0575,0.042,0.068,12
610,F,0.44,0.345,0.17,0.4085,0.15,0.0825,0.1515,12
611,M,0.195,0.145,0.05,0.032,0.01,0.008,0.012,4
612,M,0.325,0.24,0.075,0.155,0.0475,0.0355,0.06,9
613,I,0.495,0.37,0.125,0.4775,0.185,0.0705,0.16899999999999998,18
614,I,0.45,0.35,0.145,0.525,0.2085,0.1,0.1655,15
615,M,0.415,0.345,0.135,0.3865,0.128,0.07,0.14800000000000002,13
616,F,0.47,0.355,0.14,0.433,0.1525,0.095,0.152,12
617,M,0.32,0.24,0.085,0.17,0.0655,0.047,0.049,7
618,M,0.31,0.225,0.075,0.1295,0.0455,0.0335,0.044000000000000004,9
619,M,0.235,0.17,0.055,0.0515,0.018000000000000002,0.0105,0.0195,7
620,M,0.345,0.255,0.08,0.16899999999999998,0.06,0.0425,0.054000000000000006,10
621,I,0.485,0.38,0.14,0.6729999999999999,0.2175,0.13,0.195,18
622,F,0.5,0.385,0.115,0.6785,0.2945,0.138,0.195,12
623,F,0.5,0.385,0.105,0.498,0.1795,0.1095,0.17,17
624,I,0.465,0.36,0.105,0.498,0.214,0.11599999999999999,0.14,15
625,F,0.525,0.405,0.16,0.6579999999999999,0.2655,0.1125,0.225,12
626,F,0.425,0.335,0.095,0.322,0.1205,0.061,0.125,10
627,F,0.38,0.305,0.095,0.2815,0.1255,0.0525,0.09,8
628,I,0.53,0.415,0.145,0.9440000000000001,0.3845,0.185,0.265,21
629,M,0.34,0.265,0.085,0.1835,0.077,0.046,0.065,10
630,I,0.475,0.365,0.115,0.49,0.223,0.1235,0.1335,9
631,F,0.43,0.34,0.12,0.391,0.1555,0.095,0.1405,7
632,M,0.46,0.365,0.125,0.467,0.1895,0.0945,0.158,10
633,I,0.47,0.36,0.13,0.5225,0.198,0.1065,0.165,9
634,M,0.36,0.295,0.1,0.2105,0.066,0.0525,0.075,9
635,M,0.355,0.265,0.09,0.168,0.05,0.040999999999999995,0.063,8
636,M,0.38,0.235,0.1,0.258,0.1055,0.054000000000000006,0.08,7
637,M,0.355,0.26,0.085,0.1905,0.081,0.0485,0.055,6
638,I,0.44,0.345,0.12,0.48700000000000004,0.1965,0.10800000000000001,0.16,14
639,F,0.51,0.4,0.13,0.5735,0.21899999999999997,0.1365,0.195,13
640,M,0.325,0.24,0.085,0.17300000000000001,0.0795,0.038,0.05,7
641,I,0.62,0.485,0.18,1.1785,0.4675,0.2655,0.39,13
642,F,0.59,0.45,0.16,0.9,0.358,0.156,0.315,19
643,M,0.33,0.255,0.095,0.1875,0.0735,0.045,0.06,7
644,M,0.45,0.34,0.13,0.3715,0.1605,0.0795,0.105,9
645,I,0.445,0.33,0.12,0.34700000000000003,0.12,0.084,0.105,11
646,M,0.33,0.215,0.075,0.1145,0.045,0.0265,0.035,6
647,M,0.48,0.375,0.145,0.777,0.21600000000000003,0.13,0.17,9
648,I,0.46,0.35,0.12,0.4885,0.193,0.105,0.155,11
649,F,0.475,0.36,0.125,0.447,0.1695,0.081,0.14,9
650,M,0.255,0.18,0.065,0.079,0.034,0.013999999999999999,0.025,5
651,I,0.335,0.245,0.09,0.1665,0.0595,0.04,0.06,6
652,I,0.47,0.35,0.13,0.466,0.1845,0.099,0.145,11
653,M,0.31,0.225,0.08,0.1345,0.054000000000000006,0.024,0.05,7
654,F,0.37,0.28,0.11,0.2305,0.0945,0.0465,0.075,10
655,M,0.295,0.215,0.075,0.129,0.05,0.0295,0.04,7
656,F,0.555,0.435,0.165,0.97,0.336,0.2315,0.295,17
657,F,0.615,0.515,0.17,1.14,0.4305,0.2245,0.42,16
658,I,0.58,0.49,0.195,1.3165,0.5305,0.254,0.41,18
659,F,0.585,0.475,0.185,0.9585,0.4145,0.1615,0.33,11
660,I,0.65,0.525,0.18,1.626,0.597,0.3445,0.53,18
661,I,0.535,0.45,0.17,0.7809999999999999,0.3055,0.1555,0.295,11
662,F,0.415,0.34,0.13,0.3675,0.146,0.0885,0.12,10
663,F,0.38,0.305,0.105,0.281,0.1045,0.0615,0.09,12
664,I,0.45,0.355,0.12,0.41200000000000003,0.1145,0.0665,0.16,19
665,F,0.395,0.295,0.095,0.2245,0.078,0.054000000000000006,0.08,10
666,M,0.455,0.35,0.12,0.4835,0.1815,0.14400000000000002,0.16,11
667,F,0.485,0.38,0.15,0.605,0.2155,0.14,0.18,15
668,M,0.55,0.425,0.155,0.9175,0.2775,0.243,0.335,13
669,F,0.45,0.35,0.145,0.5425,0.1765,0.12300000000000001,0.175,13
670,M,0.475,0.385,0.145,0.6175,0.235,0.10800000000000001,0.215,14
671,F,0.5,0.38,0.155,0.655,0.2405,0.14300000000000002,0.205,17
672,F,0.53,0.41,0.165,0.8115,0.24,0.16899999999999998,0.24,19
673,M,0.49,0.39,0.15,0.573,0.225,0.124,0.17,21
674,F,0.49,0.385,0.15,0.7865,0.24100000000000002,0.14,0.24,23
675,F,0.52,0.395,0.18,0.64,0.158,0.11,0.245,22
676,M,0.54,0.415,0.145,0.74,0.2635,0.168,0.245,12
677,F,0.5,0.375,0.115,0.5945,0.185,0.14800000000000002,0.19,11
678,F,0.45,0.38,0.165,0.8165,0.25,0.1915,0.265,23
679,F,0.37,0.275,0.1,0.2225,0.09300000000000001,0.026000000000000002,0.08,8
680,I,0.37,0.275,0.1,0.2295,0.0885,0.0465,0.07,7
681,M,0.485,0.37,0.14,0.5725,0.204,0.1415,0.175,10
682,F,0.435,0.325,0.115,0.3915,0.154,0.094,0.12,7
683,M,0.535,0.405,0.185,0.8345,0.3175,0.1725,0.29,16
684,M,0.51,0.4,0.14,0.6515,0.2455,0.1665,0.185,10
685,M,0.565,0.44,0.185,0.909,0.344,0.2325,0.255,15
686,F,0.535,0.4,0.15,0.8045,0.3345,0.2125,0.21,13
687,F,0.535,0.405,0.125,0.927,0.26,0.1425,0.345,16
688,M,0.525,0.4,0.17,0.7305,0.27899999999999997,0.2055,0.195,11
689,M,0.59,0.44,0.15,0.9555,0.366,0.2425,0.295,11
690,M,0.5,0.375,0.15,0.636,0.2535,0.145,0.19,10
691,I,0.255,0.19,0.075,0.0865,0.0345,0.0205,0.025,5
692,F,0.43,0.325,0.115,0.3865,0.1475,0.1065,0.11,11
693,M,0.38,0.29,0.12,0.28300000000000003,0.1175,0.0655,0.085,9
694,I,0.165,0.11,0.02,0.019,0.0065,0.0025,0.005,4
695,I,0.315,0.23,0.09,0.1285,0.043,0.04,0.04,7
696,I,0.155,0.105,0.05,0.0175,0.005,0.0035,0.005,4
697,M,0.28,0.205,0.1,0.1165,0.0545,0.0285,0.03,5
698,F,0.43,0.335,0.12,0.444,0.155,0.1145,0.14,13
699,F,0.395,0.315,0.105,0.3515,0.1185,0.091,0.1195,16
700,M,0.385,0.285,0.105,0.2905,0.1215,0.0685,0.0875,12
701,F,0.48,0.385,0.135,0.536,0.1895,0.142,0.17300000000000001,14
702,F,0.445,0.33,0.105,0.4525,0.18,0.10300000000000001,0.12300000000000001,9
703,M,0.395,0.295,0.115,0.316,0.1205,0.0595,0.1105,12
704,M,0.4,0.3,0.125,0.41700000000000004,0.191,0.09,0.1175,9
705,M,0.415,0.325,0.14,0.41700000000000004,0.1535,0.1015,0.14400000000000002,10
706,M,0.315,0.25,0.09,0.203,0.0615,0.037000000000000005,0.0795,11
707,F,0.345,0.26,0.09,0.207,0.0775,0.0435,0.0765,10
708,M,0.36,0.295,0.13,0.2765,0.0895,0.057,0.1005,10
709,I,0.295,0.225,0.09,0.1105,0.0405,0.0245,0.032,7
710,I,0.325,0.25,0.08,0.17600000000000002,0.0595,0.0355,0.063,7
711,M,0.375,0.3,0.1,0.2465,0.10400000000000001,0.0475,0.083,11
712,I,0.28,0.205,0.055,0.1135,0.045,0.0275,0.0335,7
713,M,0.355,0.265,0.085,0.201,0.069,0.053,0.0695,8
714,M,0.35,0.255,0.08,0.1915,0.08,0.0385,0.063,9
715,I,0.275,0.2,0.065,0.1035,0.0475,0.0205,0.03,7
716,I,0.29,0.205,0.07,0.0975,0.036000000000000004,0.019,0.035,8
717,I,0.25,0.19,0.06,0.0765,0.036000000000000004,0.0115,0.0245,6
718,I,0.18,0.125,0.035,0.0265,0.0095,0.0055,0.0085,4
719,I,0.15,0.1,0.025,0.015,0.0045,0.004,0.005,2
720,I,0.16,0.11,0.025,0.018000000000000002,0.0065,0.0055,0.005,3
721,M,0.555,0.455,0.16,1.0575,0.3925,0.228,0.293,13
722,M,0.555,0.44,0.15,1.092,0.41600000000000004,0.212,0.4405,15
723,M,0.525,0.41,0.13,0.99,0.3865,0.243,0.295,15
724,M,0.465,0.36,0.08,0.488,0.191,0.125,0.155,11
725,F,0.49,0.36,0.11,0.5005,0.161,0.107,0.195,17
726,M,0.4,0.305,0.085,0.297,0.10800000000000001,0.0705,0.1,10
727,F,0.48,0.375,0.105,0.525,0.2185,0.1195,0.155,12
728,M,0.505,0.4,0.125,0.77,0.2735,0.159,0.255,13
729,F,0.52,0.4,0.12,0.6515,0.261,0.2015,0.165,15
730,M,0.525,0.4,0.13,0.8295,0.2405,0.1825,0.275,11
731,M,0.545,0.42,0.13,0.879,0.374,0.1695,0.23,13
732,M,0.52,0.4,0.12,0.823,0.298,0.1805,0.265,15
733,M,0.505,0.38,0.13,0.6559999999999999,0.22699999999999998,0.1785,0.22,13
734,M,0.525,0.425,0.12,0.8665,0.2825,0.17600000000000002,0.29,18
735,M,0.51,0.39,0.125,0.6565,0.262,0.1835,0.175,10
736,M,0.52,0.385,0.115,0.669,0.2385,0.172,0.205,12
737,F,0.52,0.405,0.125,0.6435,0.2415,0.1735,0.21,12
738,M,0.535,0.41,0.135,0.862,0.2855,0.1525,0.32,14
739,M,0.445,0.345,0.09,0.3795,0.14300000000000002,0.07400000000000001,0.125,10
740,M,0.53,0.44,0.205,0.835,0.32,0.2175,0.245,14
741,F,0.36,0.265,0.09,0.2065,0.078,0.057,0.06,8
742,F,0.535,0.42,0.15,0.7365,0.2785,0.18600000000000003,0.215,14
743,F,0.52,0.405,0.14,0.8175,0.2795,0.183,0.26,17
744,M,0.53,0.415,0.13,0.8425,0.275,0.1945,0.265,20
745,F,0.53,0.42,0.13,1.001,0.34,0.226,0.265,17
746,F,0.66,0.52,0.2,1.676,0.6729999999999999,0.4805,0.45,17
747,M,0.52,0.385,0.14,0.6595,0.2485,0.2035,0.16,9
748,M,0.535,0.42,0.13,0.8055,0.301,0.18100000000000002,0.28,14
749,M,0.695,0.515,0.175,1.5165,0.578,0.4105,0.39,15
750,F,0.51,0.39,0.105,0.612,0.187,0.15,0.195,13
751,M,0.485,0.355,0.12,0.547,0.215,0.1615,0.14,10
752,F,0.605,0.46,0.17,1.122,0.34700000000000003,0.3045,0.315,13
753,F,0.58,0.455,0.165,1.1365,0.369,0.3005,0.275,13
754,M,0.65,0.515,0.175,1.4805,0.5295,0.272,0.525,20
755,M,0.62,0.505,0.185,1.5275,0.69,0.368,0.35,13
756,M,0.615,0.525,0.155,1.1375,0.36700000000000005,0.23600000000000002,0.37,20
757,F,0.605,0.495,0.19,1.4369999999999998,0.469,0.2655,0.41,15
758,M,0.57,0.44,0.155,1.1159999999999999,0.4775,0.2315,0.27,13
759,M,0.57,0.43,0.12,1.0615,0.348,0.16699999999999998,0.31,15
760,M,0.585,0.405,0.15,1.2565,0.435,0.20199999999999999,0.325,15
761,F,0.55,0.44,0.155,0.946,0.313,0.1825,0.335,16
762,F,0.54,0.44,0.135,0.9590000000000001,0.2385,0.221,0.3,17
763,M,0.64,0.51,0.19,1.6130000000000002,0.6215,0.361,0.47,14
764,F,0.61,0.47,0.145,1.153,0.40299999999999997,0.29600000000000004,0.32,14
765,M,0.545,0.45,0.15,0.978,0.3365,0.1905,0.3,11
766,F,0.59,0.445,0.13,1.1325,0.3825,0.23399999999999999,0.32,13
767,M,0.345,0.27,0.095,0.19699999999999998,0.0665,0.05,0.07,9
768,F,0.55,0.43,0.155,0.785,0.289,0.22699999999999998,0.233,11
769,F,0.53,0.425,0.17,0.9490000000000001,0.3485,0.2395,0.278,17
770,F,0.53,0.455,0.165,0.9805,0.3155,0.2815,0.2965,11
771,I,0.485,0.375,0.14,0.521,0.2,0.12300000000000001,0.17,8
772,M,0.385,0.275,0.115,0.2685,0.0975,0.0825,0.085,8
773,M,0.455,0.34,0.135,0.462,0.1675,0.158,0.12,9
774,M,0.49,0.38,0.14,0.7605,0.245,0.16699999999999998,0.185,10
775,M,0.53,0.41,0.165,0.732,0.18899999999999997,0.17,0.31,11
776,M,0.505,0.385,0.145,0.6775,0.23600000000000002,0.179,0.2,15
777,M,0.49,0.38,0.14,0.6385,0.2305,0.142,0.195,13
778,M,0.465,0.35,0.14,0.5755,0.2015,0.1505,0.19,15
779,F,0.47,0.36,0.145,0.537,0.1725,0.1375,0.195,15
780,M,0.56,0.41,0.165,0.93,0.3505,0.237,0.3,13
781,M,0.505,0.385,0.15,0.6415,0.24600000000000002,0.152,0.215,12
782,M,0.515,0.435,0.145,0.8815,0.292,0.20600000000000002,0.255,10
783,I,0.385,0.28,0.125,0.244,0.102,0.038,0.085,6
784,I,0.215,0.155,0.06,0.0525,0.021,0.0165,0.015,5
785,M,0.55,0.415,0.175,1.042,0.3295,0.2325,0.2905,15
786,F,0.515,0.39,0.13,0.5755,0.1975,0.13,0.1845,9
787,M,0.495,0.385,0.135,0.7090000000000001,0.21100000000000002,0.1375,0.262,12
788,F,0.505,0.39,0.16,0.644,0.2475,0.2025,0.1635,9
789,F,0.6,0.465,0.165,0.8875,0.309,0.24600000000000002,0.262,12
790,F,0.57,0.465,0.16,0.8935,0.3145,0.2575,0.263,10
791,F,0.485,0.375,0.135,0.556,0.1925,0.1315,0.1685,10
792,M,0.47,0.37,0.18,0.51,0.1915,0.1285,0.1625,9
793,M,0.575,0.45,0.165,0.9215,0.3275,0.225,0.256,12
794,M,0.58,0.465,0.16,1.0345,0.315,0.26,0.3635,12
795,M,0.515,0.405,0.145,0.695,0.215,0.1635,0.23399999999999999,15
796,M,0.53,0.41,0.155,0.7155,0.2805,0.1685,0.214,11
797,M,0.44,0.335,0.11,0.39399999999999996,0.157,0.096,0.122,9
798,M,0.52,0.42,0.16,0.745,0.255,0.157,0.2885,11
799,F,0.425,0.345,0.11,0.3665,0.125,0.081,0.11699999999999999,11
800,M,0.46,0.34,0.135,0.495,0.1655,0.11699999999999999,0.185,10
801,M,0.45,0.335,0.125,0.349,0.11900000000000001,0.1055,0.115,10
802,M,0.425,0.33,0.13,0.4405,0.152,0.0935,0.155,9
803,I,0.37,0.275,0.1,0.22,0.094,0.045,0.065,7
804,M,0.515,0.38,0.135,0.6615,0.2875,0.2095,0.155,10
805,M,0.405,0.305,0.12,0.3185,0.1235,0.0905,0.095,7
806,I,0.28,0.205,0.07,0.1015,0.040999999999999995,0.03,0.03,6
807,F,0.48,0.4,0.125,0.759,0.2125,0.179,0.24,15
808,F,0.44,0.34,0.13,0.4195,0.153,0.1155,0.13,10
809,F,0.52,0.41,0.115,0.807,0.2855,0.179,0.235,12
810,M,0.505,0.405,0.14,0.875,0.2665,0.174,0.285,12
811,F,0.49,0.365,0.13,0.6835,0.165,0.1315,0.205,21
812,I,0.235,0.175,0.055,0.067,0.027000000000000003,0.0125,0.018000000000000002,6
813,I,0.255,0.185,0.06,0.08800000000000001,0.0365,0.021,0.023,5
814,I,0.315,0.24,0.085,0.1715,0.071,0.0345,0.0535,7
815,I,0.325,0.25,0.08,0.1735,0.0765,0.0345,0.049,7
816,I,0.335,0.25,0.08,0.183,0.0735,0.04,0.0575,6
817,I,0.35,0.27,0.09,0.2055,0.075,0.0575,0.062,6
818,I,0.35,0.25,0.07,0.18,0.0655,0.048,0.054000000000000006,6
819,I,0.36,0.3,0.085,0.27,0.1185,0.064,0.0745,7
820,I,0.365,0.275,0.135,0.24,0.10800000000000001,0.0445,0.0735,7
821,I,0.37,0.275,0.14,0.2215,0.09699999999999999,0.0455,0.0615,6
822,I,0.38,0.275,0.095,0.1375,0.086,0.0585,0.0605,7
823,I,0.385,0.29,0.095,0.312,0.14300000000000002,0.0635,0.086,6
824,I,0.385,0.3,0.1,0.2895,0.1215,0.063,0.09,7
825,I,0.395,0.29,0.095,0.319,0.138,0.08,0.08199999999999999,7
826,I,0.395,0.29,0.095,0.304,0.127,0.084,0.077,6
827,I,0.4,0.31,0.1,0.306,0.13,0.06,0.094,6
828,I,0.41,0.325,0.1,0.39399999999999996,0.20800000000000002,0.0655,0.106,6
829,I,0.415,0.32,0.11,0.3735,0.175,0.0755,0.109,7
830,M,0.415,0.305,0.1,0.325,0.156,0.0505,0.091,6
831,I,0.425,0.325,0.1,0.39799999999999996,0.1185,0.0645,0.0945,6
832,I,0.44,0.365,0.115,0.501,0.2435,0.084,0.1465,9
833,I,0.445,0.335,0.1,0.4895,0.2745,0.086,0.1105,7
834,I,0.445,0.325,0.1,0.37799999999999995,0.1795,0.1,0.08900000000000001,7
835,I,0.45,0.35,0.13,0.547,0.245,0.1405,0.1405,8
836,M,0.47,0.375,0.12,0.5805,0.266,0.0935,0.16899999999999998,8
837,I,0.475,0.365,0.125,0.5465,0.22899999999999998,0.1185,0.172,9
838,F,0.48,0.365,0.135,0.6395,0.2945,0.113,0.175,8
839,I,0.485,0.355,0.105,0.498,0.2175,0.096,0.1525,9
840,M,0.49,0.385,0.125,0.609,0.3065,0.096,0.1775,8
841,F,0.495,0.41,0.125,0.7555,0.3355,0.129,0.214,9
842,M,0.5,0.4,0.125,0.5975,0.27,0.1275,0.166,9
843,M,0.505,0.44,0.14,0.8275,0.3415,0.1855,0.239,8
844,M,0.525,0.395,0.13,0.7635,0.3375,0.1425,0.225,8
845,M,0.54,0.405,0.125,0.8909999999999999,0.4815,0.1915,0.20199999999999999,9
846,F,0.54,0.42,0.14,0.805,0.369,0.1725,0.21,11
847,F,0.545,0.44,0.135,0.9185,0.429,0.2015,0.2375,10
848,F,0.55,0.43,0.125,0.9229999999999999,0.4035,0.175,0.28300000000000003,8
849,M,0.55,0.45,0.15,1.0145,0.40700000000000003,0.2015,0.2875,10
850,F,0.55,0.45,0.15,0.875,0.36200000000000004,0.1755,0.2765,10
851,M,0.555,0.435,0.145,0.9685,0.4985,0.168,0.2385,9
852,M,0.565,0.45,0.155,1.0595,0.4735,0.24,0.265,10
853,M,0.57,0.455,0.15,0.9520000000000001,0.3895,0.2155,0.2745,9
854,M,0.57,0.435,0.13,0.7535,0.349,0.1755,0.19399999999999998,10
855,F,0.575,0.465,0.14,0.958,0.442,0.1815,0.2705,9
856,M,0.59,0.475,0.165,1.077,0.4545,0.244,0.3095,9
857,M,0.59,0.46,0.13,1.102,0.455,0.2055,0.33,12
858,F,0.595,0.48,0.15,1.11,0.498,0.228,0.33,10
859,F,0.595,0.48,0.16,1.2095,0.5225,0.29600000000000004,0.32,8
860,F,0.595,0.475,0.16,1.1405,0.547,0.231,0.271,6
861,F,0.595,0.465,0.14,1.113,0.5175,0.244,0.305,12
862,M,0.6,0.475,0.175,1.3445,0.5489999999999999,0.2875,0.36,11
863,F,0.6,0.475,0.155,1.21,0.653,0.1695,0.3205,10
864,M,0.6,0.495,0.175,1.29,0.606,0.276,0.3445,11
865,F,0.605,0.475,0.175,1.382,0.609,0.2325,0.3985,10
866,M,0.605,0.455,0.16,1.1035,0.42100000000000004,0.3015,0.325,9
867,F,0.615,0.5,0.175,1.3769999999999998,0.5585,0.33,0.292,12
868,F,0.615,0.52,0.15,1.3435,0.629,0.2605,0.345,10
869,M,0.615,0.51,0.15,1.296,0.545,0.3315,0.32,9
870,M,0.615,0.505,0.165,1.34,0.5315,0.2815,0.41,12
871,F,0.62,0.505,0.16,1.3725,0.6285,0.275,0.3685,11
872,M,0.62,0.5,0.165,1.307,0.6355,0.2545,0.315,9
873,F,0.625,0.49,0.155,1.2085,0.465,0.162,0.41100000000000003,11
874,F,0.625,0.49,0.2,1.3825,0.5895,0.285,0.381,11
875,M,0.63,0.505,0.165,1.26,0.4525,0.2755,0.406,14
876,M,0.635,0.51,0.17,1.3555,0.619,0.305,0.39,9
877,F,0.635,0.5,0.15,1.376,0.6495,0.361,0.31,10
878,F,0.635,0.485,0.165,1.2945,0.6679999999999999,0.2605,0.2715,9
879,F,0.64,0.51,0.165,1.486,0.7595,0.332,0.321,8
880,M,0.65,0.525,0.175,1.4715,0.675,0.315,0.39899999999999997,11
881,M,0.655,0.52,0.165,1.4095,0.586,0.29100000000000004,0.405,9
882,M,0.655,0.58,0.205,2.0805,0.9590000000000001,0.3415,0.601,17
883,M,0.66,0.53,0.17,1.3905,0.5905,0.212,0.45299999999999996,15
884,M,0.66,0.52,0.19,1.558,0.755,0.298,0.4,10
885,F,0.67,0.585,0.16,1.3090000000000002,0.5445,0.2945,0.413,10
886,F,0.675,0.525,0.17,1.8095,0.784,0.391,0.455,12
887,F,0.675,0.525,0.155,1.4785,0.628,0.3405,0.42,9
888,F,0.68,0.56,0.195,1.7775,0.861,0.322,0.415,11
889,F,0.685,0.54,0.16,1.6675,0.833,0.3775,0.475,11
890,F,0.695,0.56,0.22,1.834,0.8455,0.42200000000000004,0.455,11
891,M,0.73,0.595,0.23,2.8255,1.1465,0.419,0.897,17
892,I,0.205,0.14,0.05,0.046,0.0165,0.012,0.0135,6
893,I,0.24,0.175,0.055,0.0705,0.025,0.013999999999999999,0.021,5
894,I,0.24,0.175,0.065,0.0665,0.031,0.0135,0.017,3
895,I,0.255,0.19,0.05,0.083,0.0295,0.0215,0.027000000000000003,6
896,I,0.255,0.18,0.055,0.083,0.031,0.0215,0.02,4
897,I,0.265,0.195,0.06,0.092,0.0345,0.025,0.0245,6
898,I,0.28,0.12,0.075,0.11699999999999999,0.0455,0.028999999999999998,0.0345,4
899,I,0.295,0.23,0.08,0.1625,0.065,0.05,0.0385,5
900,I,0.3,0.235,0.08,0.131,0.05,0.0265,0.043,4
901,I,0.3,0.23,0.095,0.1385,0.055999999999999994,0.0365,0.037000000000000005,6
902,I,0.305,0.22,0.07,0.141,0.062,0.031,0.037000000000000005,5
903,I,0.315,0.235,0.075,0.1485,0.0585,0.0375,0.0425,6
904,I,0.315,0.23,0.07,0.14400000000000002,0.053,0.0305,0.04,8
905,I,0.32,0.24,0.09,0.1575,0.07,0.0265,0.0425,5
906,I,0.325,0.24,0.075,0.187,0.0825,0.0445,0.05,6
907,I,0.33,0.265,0.085,0.196,0.0775,0.0305,0.0445,6
908,I,0.335,0.25,0.075,0.1825,0.0705,0.044000000000000004,0.055,7
909,I,0.335,0.25,0.075,0.18600000000000003,0.0945,0.038,0.0445,7
910,I,0.34,0.25,0.075,0.1785,0.0665,0.0455,0.045,5
911,I,0.34,0.25,0.07,0.2225,0.10400000000000001,0.0425,0.055,7
912,I,0.345,0.265,0.1,0.2455,0.111,0.0535,0.065,7
913,I,0.37,0.29,0.095,0.249,0.1045,0.057999999999999996,0.067,6
914,I,0.37,0.28,0.095,0.2865,0.1505,0.069,0.0795,7
915,I,0.375,0.28,0.09,0.215,0.084,0.06,0.055,6
916,I,0.385,0.265,0.08,0.251,0.124,0.037000000000000005,0.07,6
917,I,0.41,0.31,0.09,0.33899999999999997,0.155,0.0695,0.09,7
918,I,0.41,0.305,0.09,0.3535,0.157,0.0745,0.1,7
919,I,0.41,0.31,0.09,0.3335,0.1635,0.061,0.091,6
920,I,0.415,0.33,0.09,0.3595,0.17,0.081,0.09,6
921,I,0.42,0.32,0.115,0.376,0.16899999999999998,0.092,0.1,5
922,I,0.42,0.315,0.1,0.3435,0.157,0.0795,0.09,6
923,I,0.425,0.34,0.1,0.382,0.16399999999999998,0.096,0.1,6
924,I,0.425,0.315,0.1,0.377,0.1645,0.07200000000000001,0.105,6
925,I,0.43,0.325,0.1,0.3645,0.1575,0.0825,0.105,7
926,I,0.43,0.325,0.09,0.425,0.217,0.087,0.095,7
927,I,0.435,0.325,0.12,0.3995,0.1815,0.061,0.1125,8
928,I,0.435,0.34,0.115,0.3925,0.1825,0.078,0.1145,6
929,I,0.44,0.345,0.13,0.4495,0.209,0.0835,0.134,6
930,I,0.44,0.325,0.09,0.35,0.14800000000000002,0.067,0.105,7
931,F,0.445,0.335,0.11,0.4355,0.2025,0.1095,0.1195,6
932,I,0.445,0.35,0.13,0.4195,0.1695,0.0945,0.1195,7
933,I,0.45,0.36,0.13,0.478,0.191,0.127,0.13699999999999998,7
934,I,0.45,0.355,0.105,0.4445,0.19699999999999998,0.09300000000000001,0.1335,8
935,I,0.45,0.345,0.11,0.47,0.2355,0.0855,0.1135,7
936,I,0.45,0.335,0.105,0.447,0.2335,0.153,0.11900000000000001,7
937,I,0.455,0.355,0.125,0.5325,0.225,0.126,0.1465,7
938,I,0.455,0.375,0.12,0.49700000000000005,0.2355,0.1055,0.1295,6
939,I,0.46,0.36,0.1,0.4635,0.2325,0.09300000000000001,0.115,7
940,I,0.46,0.345,0.105,0.449,0.196,0.0945,0.1265,7
941,I,0.465,0.365,0.115,0.467,0.2315,0.0925,0.113,7
942,I,0.465,0.37,0.115,0.534,0.261,0.098,0.14300000000000002,7
943,I,0.465,0.345,0.11,0.4415,0.1755,0.0905,0.12,7
944,F,0.465,0.35,0.125,0.48200000000000004,0.23,0.106,0.1095,6
945,M,0.47,0.365,0.12,0.612,0.327,0.15,0.14,8
946,F,0.47,0.365,0.12,0.5820000000000001,0.29,0.092,0.146,8
947,M,0.475,0.37,0.125,0.537,0.222,0.1215,0.15,9
948,F,0.475,0.36,0.12,0.5915,0.3245,0.11,0.127,6
949,M,0.48,0.375,0.115,0.6765,0.3205,0.1065,0.17,6
950,M,0.48,0.385,0.145,0.64,0.2925,0.1405,0.1575,6
951,M,0.48,0.36,0.1,0.439,0.19399999999999998,0.099,0.115,8
952,M,0.48,0.365,0.12,0.6015,0.312,0.11699999999999999,0.14,7
953,F,0.485,0.37,0.115,0.4785,0.1995,0.0955,0.129,7
954,M,0.49,0.385,0.125,0.649,0.32,0.124,0.1695,8
955,M,0.495,0.395,0.135,0.6335,0.3035,0.1295,0.1495,8
956,M,0.495,0.4,0.135,0.61,0.272,0.1435,0.14400000000000002,7
957,M,0.5,0.39,0.135,0.6595,0.3145,0.1535,0.1565,6
958,I,0.5,0.385,0.12,0.56,0.2835,0.10300000000000001,0.135,8
959,M,0.5,0.385,0.135,0.6425,0.3195,0.129,0.1535,7
960,M,0.5,0.4,0.125,0.6725,0.336,0.12,0.1825,7
961,F,0.505,0.39,0.13,0.674,0.3165,0.141,0.1785,9
962,I,0.505,0.39,0.15,0.685,0.36200000000000004,0.131,0.156,8
963,M,0.505,0.41,0.125,0.642,0.289,0.133,0.155,9
964,I,0.505,0.355,0.125,0.601,0.25,0.1205,0.185,8
965,M,0.51,0.39,0.135,0.769,0.3935,0.1455,0.19,8
966,I,0.51,0.375,0.1,0.5785,0.23800000000000002,0.1225,0.175,7
967,I,0.51,0.405,0.135,0.769,0.3655,0.1585,0.18,7
968,M,0.51,0.405,0.15,0.7035,0.34700000000000003,0.134,0.1885,8
969,M,0.51,0.41,0.145,0.7959999999999999,0.3865,0.1815,0.1955,8
970,F,0.515,0.43,0.14,0.8340000000000001,0.36700000000000005,0.2,0.23,8
971,M,0.515,0.39,0.155,0.7125,0.3695,0.13699999999999998,0.155,7
972,F,0.525,0.415,0.14,0.7240000000000001,0.3475,0.17300000000000001,0.175,8
973,M,0.525,0.4,0.14,0.7325,0.33399999999999996,0.1575,0.17,11
974,F,0.53,0.425,0.13,0.7585,0.325,0.19699999999999998,0.205,8
975,F,0.53,0.425,0.15,0.8495,0.32799999999999996,0.23199999999999998,0.20199999999999999,8
976,M,0.53,0.405,0.125,0.6515,0.2715,0.1605,0.18600000000000003,7
977,F,0.535,0.4,0.135,0.8215,0.3935,0.196,0.205,8
978,M,0.535,0.43,0.14,0.7165,0.2855,0.1595,0.2155,8
979,M,0.535,0.435,0.14,0.8740000000000001,0.3735,0.22899999999999998,0.2195,8
980,F,0.55,0.445,0.155,0.9905,0.544,0.17800000000000002,0.218,9
981,F,0.55,0.43,0.14,0.8105,0.368,0.161,0.275,9
982,F,0.56,0.455,0.16,0.9670000000000001,0.4525,0.207,0.27399999999999997,9
983,F,0.565,0.4,0.13,0.6975,0.3075,0.1665,0.18,8
984,M,0.57,0.45,0.155,1.195,0.5625,0.2565,0.295,10
985,M,0.57,0.45,0.155,1.1935,0.513,0.21,0.34299999999999997,10
986,F,0.57,0.455,0.15,1.107,0.54,0.255,0.27,8
987,M,0.57,0.445,0.14,1.0635,0.5265,0.2195,0.24,8
988,M,0.57,0.46,0.17,0.9035,0.4075,0.1935,0.214,7
989,M,0.575,0.475,0.16,1.114,0.4955,0.2745,0.29,9
990,F,0.575,0.46,0.16,1.103,0.5379999999999999,0.221,0.249,9
991,F,0.58,0.46,0.15,1.1155,0.5575,0.2255,0.29,7
992,F,0.58,0.46,0.18,1.0515,0.4095,0.2595,0.276,8
993,M,0.58,0.455,0.15,1.012,0.4985,0.2115,0.2835,10
994,F,0.58,0.45,0.145,1.137,0.5585,0.22,0.29,8
995,M,0.58,0.49,0.13,1.1335,0.586,0.2565,0.237,9
996,M,0.59,0.465,0.155,1.136,0.5245,0.2615,0.275,11
997,M,0.59,0.47,0.16,1.206,0.479,0.2425,0.309,8
998,F,0.59,0.455,0.145,1.063,0.5155,0.2445,0.25,8
999,F,0.595,0.47,0.155,1.121,0.4515,0.17800000000000002,0.155,11
1000,F,0.595,0.45,0.15,1.114,0.5865,0.2205,0.25,11
1001,M,0.595,0.475,0.165,1.213,0.621,0.2435,0.27399999999999997,9
1002,F,0.595,0.46,0.14,1.0045,0.4655,0.2095,0.2515,9
1003,M,0.595,0.455,0.15,1.044,0.518,0.2205,0.27,9
1004,F,0.605,0.49,0.15,1.1345,0.5265,0.2645,0.295,9
1005,M,0.605,0.475,0.155,1.161,0.5720000000000001,0.2455,0.275,9
1006,M,0.605,0.47,0.165,1.2315,0.6025,0.262,0.2925,11
1007,M,0.61,0.47,0.15,1.1625,0.565,0.258,0.3085,11
1008,M,0.61,0.475,0.155,1.168,0.5539999999999999,0.239,0.3295,10
1009,F,0.615,0.48,0.16,1.2525,0.585,0.2595,0.33,8
1010,F,0.62,0.51,0.18,1.3315,0.594,0.276,0.38799999999999996,11
1011,F,0.625,0.48,0.17,1.3525,0.6235,0.278,0.365,10
1012,M,0.625,0.49,0.175,1.3325,0.5705,0.271,0.405,10
1013,F,0.625,0.475,0.175,1.1435,0.4755,0.2475,0.349,10
1014,F,0.625,0.5,0.165,1.288,0.573,0.3035,0.315,9
1015,F,0.625,0.485,0.2,1.38,0.5845,0.302,0.401,9
1016,M,0.63,0.485,0.155,1.278,0.637,0.275,0.31,8
1017,F,0.63,0.495,0.165,1.3075,0.599,0.284,0.315,11
1018,M,0.63,0.48,0.15,1.1785,0.5185,0.248,0.3235,8
1019,M,0.635,0.49,0.175,1.375,0.623,0.2705,0.395,11
1020,M,0.635,0.525,0.185,1.4065,0.684,0.3,0.3745,10
1021,M,0.64,0.505,0.155,1.4025,0.705,0.2655,0.335,10
1022,F,0.64,0.5,0.17,1.5175,0.693,0.326,0.409,11
1023,F,0.64,0.5,0.175,1.3940000000000001,0.4935,0.29100000000000004,0.4,10
1024,F,0.645,0.5,0.155,1.2205,0.6145,0.23600000000000002,0.3185,10
1025,M,0.645,0.52,0.175,1.636,0.779,0.342,0.43200000000000005,11
1026,M,0.645,0.52,0.175,1.561,0.7090000000000001,0.3555,0.4,8
1027,F,0.645,0.505,0.165,1.4325,0.684,0.308,0.336,8
1028,M,0.645,0.5,0.175,1.3385,0.633,0.299,0.349,11
1029,F,0.645,0.5,0.16,1.2465,0.5475,0.327,0.3,10
1030,F,0.645,0.515,0.15,1.212,0.515,0.2055,0.385,10
1031,M,0.65,0.495,0.16,1.304,0.57,0.312,0.3725,9
1032,M,0.65,0.52,0.21,1.6785,0.6665,0.308,0.46,11
1033,M,0.65,0.525,0.185,1.6219999999999999,0.6645,0.3225,0.47700000000000004,10
1034,F,0.655,0.46,0.16,1.494,0.6895,0.331,0.1825,9
1035,F,0.655,0.51,0.175,1.6525,0.8515,0.3365,0.40299999999999997,10
1036,F,0.66,0.505,0.185,1.528,0.69,0.3025,0.441,11
1037,M,0.66,0.535,0.19,1.5905,0.6425,0.297,0.5175,9
1038,M,0.66,0.495,0.195,1.6275,0.594,0.3595,0.485,10
1039,F,0.66,0.475,0.18,1.3695,0.6409999999999999,0.294,0.335,6
1040,M,0.67,0.525,0.165,1.6085,0.682,0.3145,0.4005,11
1041,F,0.675,0.57,0.225,1.587,0.7390000000000001,0.2995,0.435,10
1042,F,0.675,0.565,0.195,1.8375,0.7645,0.3615,0.5529999999999999,12
1043,M,0.68,0.535,0.185,1.607,0.7245,0.3215,0.498,12
1044,M,0.69,0.525,0.175,1.7005,0.8255,0.36200000000000004,0.405,8
1045,M,0.69,0.505,0.2,1.8719999999999999,0.893,0.4015,0.48,10
1046,F,0.695,0.535,0.175,1.8385,0.8035,0.396,0.503,10
1047,F,0.705,0.535,0.18,1.685,0.693,0.42,0.4045,12
1048,M,0.71,0.565,0.205,2.198,1.012,0.5225,0.5475,11
1049,M,0.715,0.565,0.175,1.9525,0.7645,0.4185,0.4135,10
1050,F,0.715,0.525,0.185,1.56,0.6655,0.38299999999999995,0.405,11
1051,F,0.735,0.6,0.22,2.555,1.1335,0.44,0.6,11
1052,M,0.765,0.6,0.22,2.302,1.0070000000000001,0.509,0.6205,12
1053,I,0.185,0.13,0.045,0.028999999999999998,0.012,0.0075,0.0095,4
1054,I,0.195,0.15,0.045,0.0375,0.018000000000000002,0.006,0.011000000000000001,3
1055,I,0.195,0.135,0.04,0.0325,0.0135,0.005,0.0095,4
1056,I,0.2,0.155,0.04,0.0435,0.0155,0.009000000000000001,0.006999999999999999,4
1057,I,0.225,0.165,0.055,0.059000000000000004,0.027000000000000003,0.0125,0.015,4
1058,I,0.245,0.18,0.065,0.071,0.03,0.013000000000000001,0.0215,4
1059,I,0.25,0.18,0.065,0.0685,0.0245,0.0155,0.0225,5
1060,I,0.265,0.195,0.055,0.084,0.0365,0.0175,0.025,7
1061,I,0.275,0.195,0.065,0.106,0.054000000000000006,0.02,0.027999999999999997,6
1062,I,0.28,0.21,0.085,0.1075,0.0415,0.024,0.034,5
1063,I,0.285,0.22,0.065,0.096,0.0405,0.0205,0.03,5
1064,I,0.3,0.22,0.08,0.1255,0.055,0.0265,0.039,6
1065,I,0.315,0.235,0.055,0.151,0.065,0.027000000000000003,0.039,6
1066,I,0.32,0.225,0.085,0.1415,0.0675,0.0295,0.0405,6
1067,I,0.34,0.265,0.08,0.2015,0.09,0.0475,0.055,5
1068,I,0.37,0.28,0.1,0.221,0.1165,0.0265,0.0635,6
1069,I,0.375,0.28,0.08,0.2345,0.1125,0.0455,0.067,6
1070,I,0.375,0.275,0.1,0.2325,0.1165,0.042,0.065,6
1071,I,0.385,0.29,0.08,0.2485,0.122,0.0495,0.065,7
1072,I,0.4,0.32,0.095,0.348,0.19399999999999998,0.053,0.087,6
1073,I,0.405,0.3,0.11,0.32,0.172,0.044000000000000004,0.09300000000000001,7
1074,I,0.41,0.3,0.1,0.282,0.1255,0.057,0.0875,7
1075,I,0.41,0.325,0.1,0.3245,0.132,0.07200000000000001,0.106,6
1076,I,0.42,0.3,0.105,0.316,0.1255,0.07,0.1035,7
1077,I,0.42,0.32,0.11,0.3625,0.174,0.0635,0.105,7
1078,I,0.42,0.31,0.095,0.27899999999999997,0.1255,0.051,0.08800000000000001,6
1079,I,0.425,0.325,0.115,0.3685,0.162,0.0865,0.1045,7
1080,M,0.43,0.335,0.12,0.397,0.1985,0.0865,0.1035,7
1081,I,0.435,0.33,0.11,0.413,0.2055,0.096,0.096,6
1082,I,0.435,0.345,0.115,0.418,0.222,0.0735,0.106,7
1083,I,0.44,0.33,0.11,0.3705,0.1545,0.084,0.12,7
1084,I,0.445,0.345,0.105,0.409,0.1675,0.1015,0.11699999999999999,7
1085,I,0.445,0.34,0.145,0.434,0.1945,0.0905,0.13,7
1086,I,0.445,0.335,0.11,0.41100000000000003,0.1985,0.0935,0.109,8
1087,I,0.45,0.365,0.125,0.462,0.2135,0.0985,0.1315,8
1088,I,0.45,0.34,0.12,0.4925,0.24100000000000002,0.1075,0.12,6
1089,I,0.45,0.33,0.105,0.3715,0.1865,0.0785,0.0975,7
1090,I,0.45,0.33,0.1,0.41100000000000003,0.1945,0.1,0.098,6
1091,I,0.45,0.33,0.11,0.3685,0.16,0.0885,0.102,6
1092,I,0.46,0.35,0.115,0.4155,0.18,0.098,0.1175,7
1093,M,0.47,0.36,0.105,0.544,0.27,0.1395,0.129,7
1094,I,0.47,0.38,0.125,0.4845,0.21100000000000002,0.1075,0.142,6
1095,I,0.475,0.35,0.11,0.4565,0.20600000000000002,0.099,0.13,6
1096,I,0.475,0.35,0.1,0.4545,0.2165,0.111,0.115,7
1097,I,0.48,0.38,0.125,0.6245,0.3395,0.1085,0.1665,8
1098,M,0.49,0.465,0.125,0.5225,0.235,0.13,0.141,7
1099,I,0.5,0.375,0.14,0.5495,0.248,0.11199999999999999,0.1585,7
1100,I,0.5,0.375,0.12,0.542,0.215,0.11599999999999999,0.17,9
1101,I,0.5,0.38,0.125,0.519,0.2485,0.1135,0.134,8
1102,M,0.5,0.39,0.125,0.5215,0.2485,0.11699999999999999,0.131,6
1103,F,0.505,0.39,0.125,0.5445,0.24600000000000002,0.15,0.1405,7
1104,I,0.51,0.405,0.125,0.6795,0.3465,0.1395,0.182,8
1105,F,0.51,0.4,0.125,0.545,0.261,0.115,0.1385,6
1106,I,0.51,0.4,0.125,0.5575,0.2615,0.1195,0.1525,9
1107,I,0.51,0.38,0.115,0.5155,0.215,0.1135,0.166,8
1108,I,0.515,0.385,0.125,0.6115,0.3175,0.1265,0.15,8
1109,M,0.52,0.4,0.145,0.7765,0.3525,0.1845,0.185,9
1110,I,0.52,0.38,0.135,0.5395,0.2295,0.133,0.157,8
1111,I,0.52,0.38,0.125,0.5545,0.28800000000000003,0.1295,0.16699999999999998,8
1112,F,0.52,0.46,0.15,1.0190000000000001,0.523,0.1985,0.254,7
1113,I,0.525,0.4,0.13,0.6455,0.325,0.1245,0.17,8
1114,I,0.525,0.4,0.14,0.601,0.2625,0.1285,0.1835,9
1115,M,0.525,0.405,0.12,0.7555,0.3755,0.1555,0.201,9
1116,I,0.525,0.395,0.12,0.608,0.297,0.1395,0.1405,8
1117,I,0.53,0.4,0.125,0.617,0.27899999999999997,0.127,0.19,8
1118,I,0.535,0.39,0.125,0.599,0.2595,0.149,0.16899999999999998,9
1119,I,0.54,0.42,0.14,0.6665,0.3125,0.138,0.1895,10
1120,M,0.545,0.39,0.135,0.7835,0.4225,0.1815,0.156,7
1121,M,0.545,0.41,0.12,0.7929999999999999,0.434,0.1405,0.19,9
1122,M,0.545,0.415,0.14,0.82,0.4615,0.127,0.218,9
1123,F,0.55,0.415,0.135,0.8145,0.42700000000000005,0.1855,0.175,8
1124,F,0.55,0.43,0.15,0.84,0.395,0.195,0.223,8
1125,M,0.55,0.425,0.15,0.8315,0.41100000000000003,0.1765,0.2165,10
1126,M,0.56,0.43,0.145,0.8995,0.46399999999999997,0.1775,0.23399999999999999,9
1127,M,0.56,0.445,0.16,0.8965,0.42,0.2175,0.2215,8
1128,F,0.56,0.44,0.155,0.6405,0.336,0.1765,0.245,8
1129,M,0.56,0.415,0.145,0.852,0.43,0.1885,0.205,8
1130,M,0.565,0.455,0.15,0.9595,0.4565,0.2395,0.23,9
1131,M,0.565,0.435,0.15,0.99,0.5795,0.1825,0.20600000000000002,8
1132,F,0.565,0.45,0.175,1.0095,0.447,0.2375,0.2645,9
1133,M,0.57,0.46,0.15,1.0375,0.5415,0.2035,0.25,9
1134,F,0.57,0.445,0.145,0.8775,0.41200000000000003,0.217,0.22,8
1135,I,0.57,0.44,0.15,0.755,0.3425,0.16,0.22399999999999998,8
1136,F,0.575,0.46,0.145,0.9945,0.466,0.22899999999999998,0.265,7
1137,F,0.575,0.45,0.16,1.068,0.556,0.214,0.2575,10
1138,M,0.575,0.435,0.14,0.8455,0.401,0.191,0.222,9
1139,F,0.575,0.47,0.165,0.8690000000000001,0.435,0.19699999999999998,0.23800000000000002,9
1140,M,0.575,0.455,0.135,0.907,0.4245,0.19699999999999998,0.26,9
1141,I,0.575,0.435,0.13,0.805,0.3155,0.2155,0.245,10
1142,M,0.575,0.445,0.17,1.0225,0.5489999999999999,0.2175,0.228,9
1143,M,0.575,0.445,0.145,0.847,0.415,0.1945,0.22,9
1144,M,0.58,0.455,0.15,1.114,0.4765,0.2155,0.265,8
1145,M,0.58,0.455,0.195,1.859,0.945,0.426,0.441,9
1146,M,0.58,0.445,0.135,0.8140000000000001,0.3775,0.1915,0.22,9
1147,M,0.58,0.45,0.14,0.9615,0.486,0.1815,0.253,9
1148,M,0.58,0.45,0.145,1.0025,0.547,0.1975,0.2295,8
1149,F,0.58,0.45,0.155,0.93,0.385,0.24600000000000002,0.265,9
1150,M,0.585,0.46,0.145,0.9335,0.478,0.1825,0.235,9
1151,M,0.585,0.465,0.16,0.9555,0.4595,0.23600000000000002,0.265,7
1152,M,0.59,0.47,0.15,0.9955,0.48100000000000004,0.23199999999999998,0.24,8
1153,F,0.6,0.475,0.16,1.0265,0.485,0.2495,0.2565,9
1154,M,0.6,0.455,0.17,1.1915,0.696,0.2395,0.24,8
1155,F,0.6,0.465,0.15,1.1025,0.5455,0.262,0.25,8
1156,M,0.6,0.465,0.155,1.0165,0.512,0.2465,0.225,10
1157,F,0.605,0.47,0.165,1.1775,0.611,0.2275,0.292,9
1158,M,0.605,0.475,0.14,1.1175,0.555,0.257,0.27399999999999997,9
1159,M,0.605,0.48,0.17,1.1835,0.5820000000000001,0.2365,0.317,10
1160,F,0.605,0.475,0.165,1.056,0.433,0.2195,0.35700000000000004,9
1161,M,0.61,0.485,0.16,1.0145,0.5315,0.212,0.2415,8
1162,M,0.61,0.485,0.145,1.3305,0.7829999999999999,0.2255,0.2865,9
1163,M,0.61,0.47,0.165,1.052,0.498,0.242,0.267,9
1164,M,0.615,0.46,0.17,1.0565,0.4815,0.272,0.27,10
1165,F,0.615,0.465,0.15,0.9229999999999999,0.4615,0.1825,0.2415,9
1166,F,0.615,0.475,0.155,1.0270000000000001,0.447,0.25,0.285,9
1167,M,0.62,0.47,0.135,1.0195,0.5315,0.2005,0.2475,8
1168,M,0.62,0.45,0.2,0.858,0.4285,0.1525,0.2405,8
1169,F,0.62,0.48,0.16,1.1125,0.5635,0.2445,0.281,8
1170,F,0.625,0.485,0.175,1.3745,0.7335,0.2715,0.332,9
1171,M,0.625,0.48,0.185,1.2065,0.5870000000000001,0.29,0.28600000000000003,8
1172,M,0.63,0.47,0.155,1.1325,0.589,0.21100000000000002,0.287,8
1173,M,0.63,0.5,0.175,1.2645,0.5635,0.3065,0.3425,10
1174,F,0.635,0.495,0.015,1.1565,0.5115,0.308,0.2885,9
1175,M,0.64,0.515,0.165,1.369,0.632,0.3415,0.358,10
1176,M,0.645,0.53,0.195,1.39,0.6465,0.2945,0.3735,10
1177,F,0.645,0.48,0.17,1.1345,0.528,0.254,0.305,10
1178,F,0.65,0.5,0.19,1.464,0.6415,0.33899999999999997,0.4245,9
1179,M,0.65,0.5,0.155,1.202,0.565,0.3135,0.294,11
1180,M,0.655,0.515,0.16,1.31,0.5529999999999999,0.369,0.345,11
1181,F,0.655,0.51,0.175,1.415,0.5885,0.3725,0.364,10
1182,F,0.66,0.53,0.185,1.3459999999999999,0.546,0.2705,0.47600000000000003,11
1183,M,0.665,0.525,0.16,1.3630000000000002,0.629,0.27899999999999997,0.34,8
1184,I,0.665,0.5,0.17,1.2975,0.6035,0.29100000000000004,0.3595,9
1185,F,0.67,0.505,0.205,1.3645,0.6075,0.3025,0.353,9
1186,F,0.685,0.54,0.215,1.7025,0.664,0.3655,0.4735,14
1187,M,0.685,0.52,0.165,1.5190000000000001,0.6990000000000001,0.3685,0.4,10
1188,F,0.69,0.54,0.155,1.454,0.624,0.3105,0.39,9
1189,M,0.69,0.53,0.21,1.5830000000000002,0.7355,0.405,0.3865,12
1190,F,0.69,0.53,0.17,1.5535,0.7945,0.3485,0.3695,9
1191,M,0.695,0.56,0.185,1.74,0.885,0.3715,0.4375,10
1192,M,0.7,0.565,0.18,1.751,0.895,0.3355,0.446,9
1193,M,0.7,0.575,0.19,2.273,1.095,0.418,0.638,12
1194,F,0.7,0.525,0.19,1.6465,0.8545,0.307,0.3995,9
1195,F,0.705,0.55,0.17,1.219,0.6395,0.23600000000000002,0.301,9
1196,F,0.71,0.56,0.18,1.652,0.735,0.381,0.4525,11
1197,M,0.715,0.55,0.19,2.0045,1.0465,0.40700000000000003,0.5075,12
1198,M,0.715,0.535,0.19,1.6755,0.889,0.313,0.42,10
1199,F,0.72,0.58,0.195,2.103,1.0265,0.48,0.5375,10
1200,F,0.72,0.55,0.2,1.9965,0.9035,0.469,0.5215,10
1201,M,0.72,0.565,0.145,1.187,0.691,0.1945,0.2685,8
1202,M,0.725,0.505,0.185,1.9780000000000002,1.026,0.4255,0.4505,12
1203,F,0.73,0.575,0.185,1.8795,0.9309999999999999,0.38,0.4825,12
1204,M,0.735,0.585,0.185,2.124,0.9520000000000001,0.55,0.5,11
1205,M,0.745,0.565,0.215,1.931,0.8959999999999999,0.4585,0.5,11
1206,F,0.75,0.57,0.21,2.2359999999999998,1.109,0.5195,0.545,11
1207,F,0.755,0.625,0.21,2.505,1.1965,0.513,0.6785,11
1208,M,0.755,0.58,0.205,2.0065,0.8295,0.4015,0.595,10
1209,F,0.78,0.63,0.215,2.657,1.4880000000000002,0.4985,0.586,11
1210,I,0.185,0.375,0.12,0.4645,0.196,0.1045,0.15,6
1211,I,0.245,0.205,0.06,0.0765,0.034,0.013999999999999999,0.0215,4
1212,I,0.25,0.185,0.065,0.0685,0.0295,0.013999999999999999,0.0225,5
1213,I,0.25,0.19,0.065,0.0835,0.039,0.015,0.025,5
1214,I,0.275,0.195,0.09,0.1125,0.0545,0.0295,0.0355,6
1215,I,0.305,0.215,0.065,0.1075,0.044000000000000004,0.0205,0.038,5
1216,I,0.31,0.225,0.07,0.1055,0.435,0.015,0.04,5
1217,I,0.315,0.23,0.08,0.1375,0.0545,0.031,0.0445,5
1218,I,0.315,0.23,0.07,0.1145,0.046,0.0235,0.0385,5
1219,I,0.325,0.225,0.075,0.139,0.0565,0.032,0.09,6
1220,I,0.33,0.25,0.095,0.2085,0.102,0.0395,0.052000000000000005,7
1221,I,0.33,0.205,0.095,0.1595,0.077,0.032,0.0435,5
1222,I,0.335,0.245,0.09,0.2015,0.096,0.0405,0.048,7
1223,I,0.34,0.25,0.09,0.179,0.0775,0.033,0.055,6
1224,I,0.345,0.255,0.095,0.1945,0.0925,0.037000000000000005,0.055,6
1225,I,0.345,0.255,0.085,0.2005,0.105,0.037000000000000005,0.05,5
1226,I,0.35,0.27,0.075,0.215,0.1,0.036000000000000004,0.065,6
1227,I,0.35,0.255,0.09,0.1785,0.0855,0.0305,0.0525,8
1228,I,0.36,0.27,0.085,0.196,0.0875,0.035,0.064,4
1229,I,0.365,0.27,0.085,0.1875,0.081,0.042,0.057999999999999996,6
1230,I,0.365,0.27,0.085,0.196,0.0825,0.0375,0.06,7
1231,I,0.365,0.265,0.085,0.213,0.0945,0.049,0.06,7
1232,I,0.37,0.29,0.09,0.2445,0.08900000000000001,0.0655,0.075,7
1233,I,0.37,0.28,0.085,0.217,0.1095,0.035,0.062,6
1234,I,0.375,0.29,0.095,0.213,0.096,0.040999999999999995,0.061,5
1235,I,0.375,0.29,0.085,0.2385,0.11800000000000001,0.045,0.0695,7
1236,I,0.375,0.275,0.09,0.218,0.09300000000000001,0.0405,0.0755,6
1237,I,0.375,0.275,0.095,0.2465,0.11,0.0415,0.0775,6
1238,I,0.375,0.28,0.08,0.2025,0.0825,0.048,0.065,8
1239,I,0.375,0.27,0.085,0.218,0.0945,0.039,0.07,7
1240,I,0.38,0.275,0.11,0.256,0.11,0.0535,0.0755,6
1241,I,0.38,0.27,0.08,0.2105,0.0865,0.042,0.07,8
1242,I,0.385,0.29,0.09,0.2615,0.111,0.0595,0.0745,9
1243,I,0.385,0.28,0.085,0.2175,0.09699999999999999,0.038,0.067,8
1244,I,0.385,0.3,0.095,0.302,0.152,0.0615,0.0735,7
1245,I,0.385,0.28,0.09,0.228,0.1025,0.042,0.0655,5
1246,I,0.39,0.3,0.095,0.3265,0.1665,0.0575,0.08900000000000001,7
1247,I,0.395,0.305,0.105,0.284,0.1135,0.0595,0.0945,8
1248,I,0.395,0.295,0.095,0.2725,0.115,0.0625,0.085,8
1249,I,0.395,0.27,0.1,0.2985,0.1445,0.061,0.08199999999999999,5
1250,I,0.4,0.29,0.1,0.2675,0.1205,0.0605,0.0765,5
1251,I,0.405,0.285,0.09,0.2645,0.1265,0.0505,0.075,6
1252,I,0.41,0.335,0.11,0.33,0.157,0.0705,0.17,7
1253,I,0.42,0.305,0.09,0.32799999999999996,0.168,0.0615,0.08199999999999999,6
1254,I,0.425,0.325,0.11,0.3335,0.17300000000000001,0.045,0.1,7
1255,I,0.425,0.32,0.1,0.3055,0.126,0.06,0.106,7
1256,I,0.425,0.31,0.09,0.301,0.1385,0.065,0.08,7
1257,I,0.43,0.34,0.0,0.428,0.2065,0.086,0.115,8
1258,I,0.43,0.315,0.095,0.37799999999999995,0.175,0.08,0.1045,8
1259,I,0.435,0.315,0.11,0.3685,0.1615,0.0715,0.12,7
1260,I,0.44,0.34,0.12,0.43799999999999994,0.2115,0.083,0.12,9
1261,I,0.45,0.33,0.105,0.44799999999999995,0.20800000000000002,0.08900000000000001,0.12,9
1262,I,0.455,0.345,0.105,0.4005,0.16399999999999998,0.0755,0.126,8
1263,F,0.455,0.365,0.115,0.4305,0.184,0.10800000000000001,0.1245,8
1264,I,0.455,0.33,0.1,0.37200000000000005,0.358,0.0775,0.11,8
1265,I,0.46,0.36,0.105,0.466,0.2225,0.099,0.11,7
1266,I,0.46,0.35,0.105,0.3705,0.1575,0.077,0.114,9
1267,F,0.46,0.365,0.125,0.4785,0.20600000000000002,0.1045,0.141,8
1268,I,0.465,0.34,0.11,0.34600000000000003,0.1425,0.073,0.113,11
1269,I,0.47,0.365,0.1,0.41100000000000003,0.175,0.0855,0.135,8
1270,I,0.47,0.355,0.18,0.48,0.2055,0.105,0.1505,8
1271,I,0.47,0.355,0.12,0.39299999999999996,0.16699999999999998,0.0885,0.115,8
1272,I,0.475,0.355,0.1,0.5035,0.2535,0.091,0.14,8
1273,I,0.475,0.38,0.12,0.441,0.1785,0.0885,0.1505,8
1274,I,0.475,0.36,0.11,0.49200000000000005,0.21100000000000002,0.11,0.15,8
1275,I,0.48,0.37,0.125,0.5435,0.244,0.10099999999999999,0.165,9
1276,I,0.48,0.355,0.115,0.4725,0.2065,0.11199999999999999,0.132,8
1277,I,0.48,0.365,0.1,0.461,0.2205,0.0835,0.135,8
1278,I,0.495,0.355,0.12,0.4965,0.214,0.1045,0.1495,8
1279,I,0.495,0.38,0.13,0.5125,0.2185,0.11599999999999999,0.16,7
1280,M,0.495,0.395,0.12,0.5529999999999999,0.22399999999999998,0.1375,0.16699999999999998,8
1281,I,0.5,0.38,0.135,0.594,0.2945,0.10400000000000001,0.1565,9
1282,M,0.5,0.42,0.135,0.6765,0.302,0.1415,0.2065,9
1283,I,0.5,0.375,0.145,0.5795,0.239,0.1375,0.185,9
1284,I,0.5,0.41,0.14,0.6615,0.2585,0.1625,0.196,9
1285,I,0.5,0.375,0.125,0.5695,0.259,0.124,0.157,7
1286,I,0.5,0.395,0.14,0.6215,0.2925,0.1205,0.195,9
1287,I,0.505,0.405,0.13,0.6015,0.3015,0.11,0.18,8
1288,I,0.505,0.38,0.12,0.594,0.2595,0.1435,0.18,7
1289,I,0.505,0.395,0.105,0.551,0.248,0.10300000000000001,0.171,8
1290,I,0.515,0.38,0.12,0.625,0.3265,0.1295,0.16,7
1291,I,0.515,0.42,0.135,0.711,0.337,0.14400000000000002,0.205,13
1292,I,0.515,0.4,0.135,0.6965,0.32,0.1255,0.175,9
1293,I,0.52,0.4,0.13,0.5825,0.233,0.1365,0.18,10
1294,I,0.52,0.395,0.125,0.6629999999999999,0.3005,0.131,0.1905,9
1295,I,0.525,0.4,0.125,0.6965,0.369,0.1385,0.16399999999999998,9
1296,M,0.525,0.42,0.155,0.8420000000000001,0.428,0.1415,0.2045,9
1297,I,0.53,0.415,0.13,0.6940000000000001,0.3905,0.111,0.16699999999999998,9
1298,I,0.53,0.42,0.155,0.81,0.4725,0.111,0.192,10
1299,I,0.53,0.415,0.11,0.5745,0.2525,0.1235,0.18899999999999997,9
1300,I,0.53,0.425,0.13,0.7675,0.419,0.1205,0.21,9
1301,I,0.535,0.4,0.135,0.6025,0.2895,0.121,0.154,9
1302,I,0.535,0.415,0.15,0.5765,0.3595,0.135,0.225,8
1303,F,0.535,0.41,0.13,0.7145,0.335,0.14400000000000002,0.2075,9
1304,M,0.535,0.435,0.15,0.7170000000000001,0.3475,0.1445,0.19399999999999998,9
1305,F,0.54,0.42,0.145,0.8655,0.4315,0.163,0.2175,10
1306,I,0.54,0.42,0.14,0.7265,0.3205,0.1445,0.22899999999999998,9
1307,I,0.545,0.435,0.135,0.7715,0.37200000000000005,0.14800000000000002,0.22699999999999998,8
1308,F,0.545,0.445,0.15,0.8,0.3535,0.163,0.207,9
1309,I,0.545,0.43,0.15,0.7285,0.302,0.1315,0.2545,10
1310,I,0.545,0.405,0.135,0.5945,0.27,0.1185,0.185,8
1311,I,0.55,0.43,0.145,0.7895,0.3745,0.171,0.223,11
1312,F,0.55,0.405,0.125,0.6509999999999999,0.2965,0.13699999999999998,0.2,9
1313,M,0.55,0.43,0.15,0.8745,0.413,0.1905,0.248,9
1314,I,0.55,0.435,0.14,0.7535,0.3285,0.1555,0.2325,10
1315,I,0.55,0.425,0.135,0.7305,0.3325,0.1545,0.215,9
1316,M,0.555,0.44,0.14,0.8705,0.40700000000000003,0.156,0.255,9
1317,I,0.555,0.43,0.155,0.7395,0.3135,0.1435,0.28,10
1318,I,0.555,0.43,0.14,0.7665,0.341,0.165,0.23,9
1319,I,0.555,0.425,0.145,0.7905,0.3485,0.1765,0.225,9
1320,I,0.56,0.425,0.135,0.8205,0.3715,0.185,0.23600000000000002,9
1321,I,0.56,0.425,0.145,0.688,0.3095,0.1305,0.2165,9
1322,F,0.56,0.445,0.155,1.224,0.5565,0.3225,0.2695,10
1323,I,0.56,0.455,0.145,0.9740000000000001,0.547,0.1615,0.235,9
1324,I,0.565,0.44,0.175,0.8735,0.414,0.21,0.21,11
1325,F,0.565,0.45,0.145,0.8495,0.4215,0.1685,0.225,8
1326,M,0.565,0.445,0.15,0.7959999999999999,0.3635,0.184,0.21899999999999997,8
1327,M,0.565,0.39,0.125,0.7440000000000001,0.35200000000000004,0.13,0.1685,11
1328,I,0.57,0.45,0.145,0.7509999999999999,0.2825,0.2195,0.2215,10
1329,I,0.57,0.45,0.135,0.794,0.3815,0.1415,0.245,8
1330,F,0.57,0.46,0.135,0.9795,0.397,0.2525,0.2655,9
1331,M,0.57,0.435,0.17,0.873,0.382,0.183,0.2705,10
1332,I,0.57,0.44,0.13,0.7665,0.34700000000000003,0.1785,0.20199999999999999,10
1333,M,0.57,0.435,0.125,0.8965,0.38299999999999995,0.1835,0.275,9
1334,F,0.575,0.42,0.135,0.857,0.461,0.147,0.2125,10
1335,F,0.575,0.48,0.165,1.078,0.511,0.2095,0.306,9
1336,M,0.575,0.46,0.155,0.892,0.4415,0.17600000000000002,0.22,10
1337,M,0.58,0.46,0.155,1.4395,0.6715,0.273,0.2955,10
1338,M,0.58,0.455,0.135,0.7955,0.405,0.16699999999999998,0.204,10
1339,F,0.58,0.445,0.15,0.858,0.4,0.156,0.253,8
1340,M,0.585,0.465,0.155,0.9145,0.4555,0.1965,0.235,9
1341,M,0.585,0.49,0.185,1.171,0.522,0.2535,0.335,10
1342,I,0.585,0.475,0.16,1.0505,0.48,0.23399999999999999,0.285,10
1343,M,0.585,0.46,0.165,1.1135,0.5825,0.2345,0.27399999999999997,10
1344,M,0.585,0.47,0.165,1.409,0.8,0.22899999999999998,0.295,10
1345,M,0.585,0.475,0.15,1.065,0.5315,0.19899999999999998,0.2885,10
1346,M,0.585,0.45,0.18,0.7995,0.336,0.1855,0.237,8
1347,I,0.59,0.445,0.135,0.7715,0.32799999999999996,0.1745,0.23,9
1348,M,0.59,0.47,0.18,1.187,0.5985,0.22699999999999998,0.31,9
1349,M,0.59,0.455,0.155,0.8855,0.38799999999999996,0.188,0.275,10
1350,F,0.595,0.465,0.15,0.98,0.4115,0.196,0.2255,10
1351,F,0.595,0.465,0.155,1.026,0.4645,0.11199999999999999,0.305,12
1352,M,0.6,0.475,0.17,1.1315,0.508,0.272,0.309,10
1353,M,0.6,0.48,0.155,1.014,0.451,0.1885,0.325,11
1354,I,0.6,0.475,0.15,1.12,0.565,0.2465,0.27,10
1355,F,0.6,0.465,0.155,1.04,0.4755,0.25,0.28,11
1356,F,0.6,0.455,0.145,0.8895,0.419,0.1715,0.26899999999999996,10
1357,M,0.6,0.46,0.155,0.9595,0.4455,0.18899999999999997,0.295,11
1358,I,0.605,0.485,0.15,1.238,0.6315,0.226,0.33,11
1359,M,0.605,0.49,0.14,0.9755,0.419,0.20600000000000002,0.315,10
1360,I,0.605,0.435,0.13,0.9025,0.43200000000000005,0.174,0.26,11
1361,F,0.605,0.475,0.175,1.0759999999999998,0.46299999999999997,0.2195,0.335,9
1362,F,0.605,0.47,0.16,1.0835,0.5405,0.2215,0.275,12
1363,M,0.61,0.45,0.15,0.871,0.40700000000000003,0.1835,0.25,10
1364,M,0.61,0.48,0.165,1.244,0.6345,0.257,0.305,12
1365,M,0.61,0.475,0.17,1.0265,0.435,0.2335,0.3035,10
1366,I,0.61,0.465,0.15,0.9605,0.4495,0.1725,0.28600000000000003,9
1367,M,0.61,0.48,0.17,1.137,0.4565,0.29,0.34700000000000003,10
1368,M,0.61,0.46,0.16,1.0,0.494,0.19699999999999998,0.275,10
1369,F,0.615,0.475,0.155,1.004,0.4475,0.193,0.2895,10
1370,M,0.615,0.47,0.165,1.128,0.4465,0.2195,0.34,10
1371,M,0.615,0.5,0.17,1.054,0.4845,0.228,0.295,10
1372,F,0.615,0.475,0.165,1.023,0.4905,0.1955,0.3035,12
1373,M,0.615,0.475,0.17,1.129,0.4795,0.302,0.3,10
1374,M,0.615,0.48,0.175,1.1179999999999999,0.446,0.3195,0.3,9
1375,F,0.615,0.475,0.155,1.115,0.484,0.2115,0.355,10
1376,M,0.62,0.51,0.175,1.2815,0.5715,0.2385,0.39,10
1377,M,0.62,0.495,0.18,1.2555,0.5765,0.254,0.355,12
1378,F,0.62,0.5,0.15,1.2930000000000001,0.596,0.3135,0.354,10
1379,F,0.62,0.475,0.16,1.1295,0.46299999999999997,0.2685,0.33,10
1380,M,0.625,0.455,0.17,1.082,0.4955,0.2345,0.315,9
1381,F,0.625,0.505,0.175,1.15,0.5475,0.256,0.3045,11
1382,F,0.625,0.515,0.16,1.264,0.5715,0.326,0.321,9
1383,F,0.625,0.48,0.155,1.2035,0.5865,0.239,0.3185,12
1384,F,0.63,0.485,0.17,1.3205,0.5945,0.345,0.345,9
1385,I,0.63,0.505,0.18,1.272,0.6025,0.295,0.315,11
1386,M,0.63,0.485,0.145,1.062,0.5065,0.1785,0.3365,12
1387,I,0.63,0.475,0.145,1.0605,0.5165,0.2195,0.28,10
1388,M,0.63,0.495,0.16,1.093,0.49700000000000005,0.221,0.315,12
1389,M,0.635,0.49,0.16,1.101,0.534,0.1865,0.3455,10
1390,F,0.635,0.5,0.165,1.4595,0.705,0.2645,0.39,9
1391,F,0.635,0.495,0.175,1.2109999999999999,0.7070000000000001,0.2725,0.32299999999999995,9
1392,M,0.635,0.475,0.17,1.1935,0.5205,0.2695,0.3665,10
1393,M,0.635,0.51,0.155,0.986,0.405,0.2255,0.31,10
1394,M,0.64,0.565,0.23,1.521,0.644,0.37200000000000005,0.406,15
1395,M,0.64,0.525,0.18,1.3135,0.4865,0.2995,0.4075,10
1396,M,0.645,0.51,0.16,1.1835,0.556,0.2385,0.345,11
1397,M,0.645,0.5,0.195,1.401,0.6165,0.3515,0.3725,10
1398,M,0.645,0.525,0.16,1.5075,0.7455,0.245,0.4325,11
1399,F,0.65,0.505,0.165,1.16,0.4785,0.27399999999999997,0.349,11
1400,F,0.65,0.59,0.22,1.662,0.77,0.37799999999999995,0.435,11
1401,M,0.65,0.525,0.175,1.5365,0.6865,0.3585,0.405,11
1402,M,0.65,0.51,0.19,1.5419999999999998,0.7155,0.3735,0.375,9
1403,F,0.65,0.51,0.17,1.567,0.7245,0.349,0.391,10
1404,F,0.655,0.525,0.19,1.3595,0.564,0.3215,0.3985,10
1405,M,0.655,0.535,0.205,1.6445,0.7305,0.3595,0.46,13
1406,F,0.655,0.52,0.19,1.4545,0.6,0.3865,0.38299999999999995,10
1407,M,0.655,0.49,0.175,1.3585,0.6395,0.294,0.365,10
1408,F,0.66,0.495,0.21,1.548,0.7240000000000001,0.3525,0.3925,10
1409,F,0.66,0.515,0.17,1.337,0.615,0.3125,0.3575,10
1410,F,0.665,0.53,0.18,1.4909999999999999,0.6345,0.342,0.435,10
1411,F,0.67,0.53,0.225,1.5615,0.63,0.48700000000000004,0.3725,11
1412,F,0.67,0.505,0.175,1.0145,0.4375,0.271,0.3745,10
1413,M,0.675,0.545,0.185,1.7375,0.8759999999999999,0.3135,0.469,13
1414,M,0.685,0.545,0.205,1.7925,0.8145,0.41600000000000004,0.461,9
1415,F,0.695,0.565,0.19,1.7635,0.7465,0.39899999999999997,0.4975,11
1416,F,0.7,0.545,0.13,1.556,0.6725,0.374,0.195,12
1417,M,0.705,0.565,0.515,2.21,1.1075,0.4865,0.512,10
1418,M,0.705,0.555,0.215,2.141,1.0465,0.38299999999999995,0.528,11
1419,F,0.705,0.57,0.18,1.5345,0.96,0.4195,0.43,12
1420,F,0.71,0.55,0.17,1.614,0.743,0.345,0.45,11
1421,F,0.72,0.575,0.17,1.9335,0.9129999999999999,0.389,0.51,13
1422,M,0.72,0.575,0.215,2.173,0.9515,0.564,0.5365,12
1423,F,0.725,0.6,0.2,1.7369999999999999,0.6970000000000001,0.3585,0.595,11
1424,F,0.73,0.58,0.19,1.7375,0.6785,0.4345,0.52,11
1425,F,0.735,0.565,0.205,2.1275,0.9490000000000001,0.46,0.565,12
1426,F,0.745,0.57,0.215,2.25,1.1565,0.446,0.5579999999999999,9
1427,F,0.75,0.61,0.235,2.5085,1.232,0.519,0.612,14
1428,F,0.815,0.65,0.25,2.255,0.8905,0.42,0.7975,14
1429,I,0.14,0.105,0.035,0.013999999999999999,0.0055,0.0025,0.004,3
1430,I,0.23,0.165,0.06,0.0515,0.019,0.0145,0.036000000000000004,4
1431,I,0.365,0.265,0.135,0.2215,0.105,0.047,0.0605,7
1432,I,0.365,0.255,0.08,0.1985,0.0785,0.0345,0.053,5
1433,I,0.37,0.27,0.095,0.23199999999999998,0.1325,0.040999999999999995,0.0615,6
1434,I,0.375,0.28,0.085,0.3155,0.187,0.046,0.067,7
1435,I,0.385,0.3,0.09,0.247,0.1225,0.044000000000000004,0.0675,5
1436,I,0.395,0.295,0.09,0.3025,0.14300000000000002,0.0665,0.0765,5
1437,I,0.4,0.29,0.11,0.32899999999999996,0.188,0.0455,0.0825,6
1438,I,0.4,0.3,0.09,0.2815,0.1185,0.061,0.08,7
1439,I,0.405,0.31,0.095,0.3425,0.1785,0.064,0.0855,8
1440,I,0.405,0.29,0.09,0.2825,0.11199999999999999,0.075,0.0815,7
1441,I,0.405,0.3,0.105,0.304,0.1455,0.061,0.0805,6
1442,I,0.41,0.32,0.095,0.2905,0.141,0.063,0.073,5
1443,M,0.415,0.315,0.115,0.3895,0.2015,0.065,0.10300000000000001,9
1444,I,0.425,0.34,0.105,0.389,0.2015,0.0905,0.08800000000000001,6
1445,I,0.43,0.34,0.105,0.4405,0.2385,0.0745,0.1075,6
1446,I,0.44,0.34,0.105,0.369,0.16399999999999998,0.08,0.1015,5
1447,M,0.44,0.32,0.12,0.4565,0.2435,0.092,0.1025,8
1448,I,0.44,0.365,0.11,0.4465,0.213,0.08900000000000001,0.1135,9
1449,M,0.45,0.335,0.125,0.4475,0.2165,0.126,0.11,6
1450,I,0.455,0.335,0.135,0.501,0.27399999999999997,0.0995,0.1065,7
1451,I,0.46,0.355,0.11,0.436,0.1975,0.096,0.125,8
1452,I,0.47,0.345,0.14,0.4615,0.22899999999999998,0.1105,0.11599999999999999,9
1453,I,0.47,0.35,0.125,0.4315,0.19,0.1165,0.1175,6
1454,I,0.47,0.355,0.12,0.3685,0.126,0.0835,0.1365,6
1455,M,0.475,0.37,0.125,0.649,0.34700000000000003,0.136,0.142,8
1456,I,0.475,0.365,0.115,0.45899999999999996,0.2175,0.09300000000000001,0.1165,7
1457,F,0.475,0.365,0.115,0.5660000000000001,0.281,0.11699999999999999,0.1335,7
1458,I,0.48,0.36,0.125,0.542,0.2795,0.1025,0.147,7
1459,I,0.485,0.38,0.12,0.4725,0.2075,0.1075,0.147,6
1460,M,0.485,0.39,0.085,0.6435,0.2945,0.10300000000000001,0.198,8
1461,M,0.485,0.37,0.13,0.526,0.2485,0.105,0.1555,6
1462,F,0.495,0.38,0.12,0.573,0.2655,0.1285,0.14400000000000002,7
1463,M,0.505,0.385,0.105,0.5525,0.239,0.1245,0.1555,9
1464,F,0.505,0.38,0.135,0.6855,0.361,0.1565,0.161,9
1465,I,0.515,0.395,0.125,0.556,0.2695,0.096,0.17,8
1466,M,0.515,0.425,0.145,0.9365,0.49700000000000005,0.18100000000000002,0.2185,8
1467,I,0.515,0.4,0.125,0.5625,0.25,0.1245,0.17,7
1468,M,0.52,0.4,0.125,0.5589999999999999,0.254,0.139,0.149,8
1469,M,0.525,0.4,0.14,0.7205,0.3685,0.145,0.1735,8
1470,I,0.53,0.43,0.13,0.7045,0.34600000000000003,0.1415,0.18899999999999997,9
1471,M,0.53,0.4,0.125,0.7575,0.39799999999999996,0.151,0.175,8
1472,F,0.545,0.41,0.14,0.7405,0.3565,0.1775,0.203,9
1473,F,0.55,0.43,0.14,0.84,0.375,0.218,0.1945,8
1474,M,0.55,0.425,0.16,0.7929999999999999,0.34299999999999997,0.2035,0.215,9
1475,F,0.56,0.43,0.15,0.8745,0.45299999999999996,0.161,0.22,8
1476,F,0.56,0.435,0.15,0.8715,0.4755,0.1835,0.1835,9
1477,M,0.57,0.445,0.15,0.9875,0.504,0.207,0.249,8
1478,M,0.575,0.465,0.15,1.08,0.595,0.2065,0.23800000000000002,9
1479,M,0.575,0.46,0.165,0.9155,0.4005,0.2465,0.2385,8
1480,F,0.58,0.46,0.175,1.165,0.65,0.2205,0.3055,9
1481,F,0.58,0.435,0.14,0.953,0.475,0.2165,0.2095,9
1482,M,0.585,0.455,0.15,0.9059999999999999,0.4095,0.23,0.2335,8
1483,M,0.59,0.44,0.15,0.8725,0.387,0.215,0.245,8
1484,F,0.59,0.465,0.15,1.151,0.613,0.239,0.2515,9
1485,F,0.59,0.46,0.145,0.9905,0.45299999999999996,0.2205,0.275,8
1486,F,0.595,0.455,0.16,1.04,0.452,0.2655,0.28800000000000003,9
1487,M,0.6,0.455,0.155,0.945,0.4365,0.2085,0.25,8
1488,M,0.6,0.465,0.2,1.2590000000000001,0.6405,0.1985,0.35700000000000004,9
1489,F,0.605,0.485,0.165,0.9515,0.4535,0.193,0.2765,11
1490,F,0.605,0.485,0.16,1.2009999999999998,0.41700000000000004,0.2875,0.38,9
1491,F,0.605,0.515,0.17,1.2890000000000001,0.6,0.2945,0.3315,9
1492,F,0.61,0.485,0.17,1.1005,0.5125,0.22899999999999998,0.305,11
1493,I,0.615,0.475,0.13,0.8425,0.353,0.1915,0.251,8
1494,M,0.62,0.485,0.155,1.0490000000000002,0.462,0.231,0.25,10
1495,F,0.62,0.435,0.155,1.012,0.47700000000000004,0.23600000000000002,0.275,8
1496,M,0.62,0.48,0.165,1.0725,0.4815,0.235,0.312,9
1497,M,0.625,0.52,0.175,1.4105,0.691,0.322,0.3465,10
1498,M,0.625,0.47,0.18,1.136,0.451,0.3245,0.305,11
1499,M,0.63,0.47,0.145,1.1005,0.52,0.26,0.276,9
1500,F,0.63,0.5,0.175,1.1105,0.467,0.268,0.32899999999999996,10
1501,M,0.63,0.455,0.15,1.1315,0.48100000000000004,0.2745,0.305,9
1502,M,0.63,0.48,0.15,1.271,0.6605,0.2425,0.31,11
1503,F,0.63,0.49,0.225,1.3359999999999999,0.6805,0.259,0.3245,10
1504,F,0.635,0.505,0.145,1.1345,0.505,0.2655,0.315,10
1505,M,0.635,0.51,0.185,1.308,0.544,0.318,0.377,8
1506,F,0.64,0.515,0.205,1.5335,0.6635,0.3345,0.4025,9
1507,F,0.645,0.515,0.175,1.546,0.7035,0.365,0.415,10
1508,M,0.645,0.51,0.155,1.5390000000000001,0.6405,0.3585,0.43,11
1509,F,0.645,0.505,0.165,1.318,0.55,0.3015,0.335,11
1510,F,0.65,0.545,0.175,1.5245,0.59,0.326,0.495,10
1511,M,0.65,0.515,0.175,1.466,0.677,0.3045,0.4,10
1512,F,0.65,0.5,0.16,1.3825,0.7020000000000001,0.304,0.3195,9
1513,M,0.65,0.485,0.14,1.175,0.475,0.2435,0.215,8
1514,F,0.655,0.54,0.215,1.5555,0.695,0.29600000000000004,0.444,11
1515,M,0.655,0.51,0.215,1.7835,0.8885,0.4095,0.4195,11
1516,M,0.66,0.505,0.165,1.374,0.589,0.35100000000000003,0.345,10
1517,F,0.665,0.515,0.18,1.389,0.5945,0.324,0.395,10
1518,M,0.67,0.545,0.2,1.7025,0.833,0.374,0.41,11
1519,M,0.67,0.51,0.175,1.5265,0.6509999999999999,0.4475,0.345,10
1520,M,0.67,0.5,0.19,1.5190000000000001,0.616,0.38799999999999996,0.415,10
1521,F,0.68,0.5,0.185,1.7409999999999999,0.7665,0.3255,0.4685,12
1522,M,0.68,0.515,0.17,1.6115,0.8415,0.306,0.395,11
1523,M,0.69,0.525,0.2,1.7825,0.9165,0.3325,0.461,12
1524,F,0.7,0.55,0.17,1.6840000000000002,0.7535,0.3265,0.32,11
1525,M,0.7,0.555,0.2,1.858,0.73,0.3665,0.595,11
1526,M,0.705,0.56,0.165,1.675,0.797,0.4095,0.38799999999999996,10
1527,M,0.72,0.565,0.2,2.1055,1.0170000000000001,0.363,0.494,12
1528,M,0.725,0.575,0.24,2.21,1.351,0.413,0.5015,13
1529,M,0.74,0.57,0.18,1.8725,0.9115,0.42700000000000005,0.446,10
1530,M,0.75,0.55,0.18,1.893,0.9420000000000001,0.397,0.445,11
1531,I,0.21,0.17,0.045,0.0475,0.019,0.011000000000000001,0.013000000000000001,5
1532,I,0.285,0.21,0.055,0.10099999999999999,0.0415,0.017,0.0335,5
1533,I,0.295,0.215,0.07,0.121,0.047,0.0155,0.0405,6
1534,I,0.3,0.23,0.085,0.11699999999999999,0.05,0.0175,0.0415,6
1535,I,0.305,0.225,0.09,0.1465,0.063,0.034,0.0415,6
1536,I,0.335,0.255,0.08,0.168,0.079,0.0355,0.05,5
1537,I,0.35,0.26,0.075,0.18,0.09,0.0245,0.055,5
1538,I,0.355,0.27,0.075,0.1775,0.079,0.0315,0.054000000000000006,6
1539,I,0.355,0.26,0.09,0.1985,0.0715,0.0495,0.057999999999999996,7
1540,I,0.36,0.27,0.095,0.2,0.073,0.055999999999999994,0.061,8
1541,I,0.36,0.275,0.075,0.2205,0.0985,0.044000000000000004,0.066,7
1542,I,0.36,0.265,0.075,0.1845,0.083,0.0365,0.055,7
1543,I,0.365,0.27,0.085,0.2225,0.0935,0.0525,0.066,7
1544,I,0.37,0.27,0.095,0.2175,0.09699999999999999,0.046,0.065,6
1545,I,0.375,0.28,0.08,0.2165,0.0935,0.0925,0.07,7
1546,I,0.38,0.285,0.095,0.243,0.0895,0.0665,0.075,7
1547,I,0.38,0.29,0.1,0.237,0.10800000000000001,0.0395,0.08199999999999999,6
1548,I,0.385,0.29,0.09,0.2365,0.1,0.0505,0.076,8
1549,I,0.385,0.28,0.095,0.257,0.11900000000000001,0.059000000000000004,0.07,7
1550,I,0.385,0.3,0.09,0.308,0.1525,0.055999999999999994,0.0835,8
1551,I,0.39,0.3,0.09,0.252,0.1065,0.053,0.08,7
1552,I,0.39,0.285,0.1,0.281,0.1275,0.062,0.077,7
1553,I,0.39,0.29,0.1,0.2225,0.095,0.0465,0.073,7
1554,I,0.41,0.3,0.09,0.304,0.129,0.071,0.0955,8
1555,I,0.41,0.3,0.09,0.28,0.141,0.0575,0.075,8
1556,I,0.415,0.325,0.1,0.313,0.139,0.0625,0.0965,7
1557,I,0.425,0.325,0.11,0.317,0.135,0.048,0.09,8
1558,I,0.425,0.315,0.08,0.303,0.131,0.0585,0.095,7
1559,I,0.435,0.335,0.1,0.3295,0.129,0.07,0.11,7
1560,I,0.435,0.325,0.11,0.36700000000000005,0.1595,0.08,0.105,6
1561,I,0.45,0.34,0.095,0.3245,0.1385,0.064,0.105,8
1562,I,0.45,0.335,0.11,0.4195,0.18100000000000002,0.085,0.1345,7
1563,I,0.455,0.36,0.115,0.457,0.2085,0.0855,0.147,10
1564,I,0.46,0.35,0.11,0.4,0.17600000000000002,0.083,0.1205,7
1565,I,0.46,0.355,0.11,0.4255,0.2015,0.081,0.13,7
1566,I,0.465,0.37,0.12,0.4365,0.188,0.0815,0.147,9
1567,I,0.465,0.345,0.11,0.39299999999999996,0.1825,0.0735,0.12,8
1568,I,0.47,0.355,0.125,0.499,0.21,0.0985,0.155,8
1569,I,0.475,0.36,0.145,0.6325,0.2825,0.13699999999999998,0.19,8
1570,M,0.475,0.36,0.1,0.4285,0.1965,0.099,0.11199999999999999,7
1571,I,0.475,0.36,0.125,0.4905,0.205,0.1305,0.125,8
1572,I,0.48,0.37,0.125,0.474,0.179,0.1035,0.175,9
1573,I,0.48,0.37,0.12,0.536,0.251,0.114,0.15,8
1574,M,0.48,0.355,0.16,0.46399999999999997,0.221,0.106,0.239,8
1575,I,0.485,0.375,0.13,0.6025,0.2935,0.1285,0.16,7
1576,I,0.49,0.375,0.115,0.4615,0.204,0.0945,0.14300000000000002,8
1577,I,0.49,0.4,0.135,0.624,0.3035,0.1285,0.16899999999999998,8
1578,I,0.495,0.37,0.125,0.4715,0.2075,0.091,0.15,8
1579,I,0.495,0.4,0.105,0.602,0.2505,0.1265,0.19,8
1580,I,0.5,0.4,0.12,0.616,0.261,0.14300000000000002,0.1935,8
1581,I,0.5,0.39,0.12,0.5955,0.2455,0.147,0.17300000000000001,8
1582,I,0.5,0.375,0.14,0.5589999999999999,0.2375,0.135,0.16899999999999998,9
1583,I,0.51,0.395,0.13,0.6025,0.281,0.14300000000000002,0.162,7
1584,F,0.515,0.375,0.11,0.6065,0.3005,0.131,0.15,6
1585,I,0.515,0.36,0.125,0.4725,0.1815,0.125,0.138,9
1586,I,0.515,0.35,0.105,0.4745,0.213,0.12300000000000001,0.1275,10
1587,I,0.515,0.395,0.125,0.6635,0.32,0.14,0.17,8
1588,I,0.515,0.39,0.125,0.5705,0.23800000000000002,0.1265,0.185,8
1589,I,0.52,0.41,0.145,0.6459999999999999,0.2965,0.1595,0.165,9
1590,I,0.52,0.39,0.13,0.5545,0.2355,0.1095,0.1895,7
1591,M,0.525,0.415,0.145,0.845,0.3525,0.1635,0.2875,8
1592,I,0.525,0.39,0.12,0.664,0.3115,0.147,0.17800000000000002,9
1593,I,0.525,0.38,0.135,0.615,0.261,0.159,0.175,8
1594,I,0.525,0.4,0.14,0.654,0.305,0.16,0.16899999999999998,7
1595,M,0.525,0.4,0.155,0.7070000000000001,0.282,0.1605,0.225,9
1596,I,0.53,0.42,0.12,0.5965,0.2555,0.141,0.177,7
1597,I,0.53,0.43,0.135,0.6255,0.245,0.1455,0.2135,10
1598,I,0.53,0.4,0.145,0.555,0.1935,0.1305,0.195,9
1599,I,0.53,0.42,0.13,0.8365,0.3745,0.16699999999999998,0.249,11
1600,I,0.535,0.4,0.13,0.657,0.2835,0.162,0.175,7
1601,I,0.54,0.43,0.17,0.836,0.3725,0.1815,0.24,9
1602,I,0.54,0.425,0.14,0.742,0.32,0.1395,0.25,9
1603,I,0.54,0.43,0.14,0.8195,0.3935,0.1725,0.2295,9
1604,M,0.54,0.455,0.14,0.972,0.419,0.255,0.26899999999999996,10
1605,I,0.54,0.42,0.14,0.6275,0.2505,0.1175,0.235,9
1606,I,0.54,0.425,0.13,0.7205,0.2955,0.16899999999999998,0.225,10
1607,I,0.54,0.425,0.135,0.6859999999999999,0.3475,0.1545,0.213,8
1608,I,0.545,0.4,0.13,0.6859999999999999,0.3285,0.1455,0.18,9
1609,I,0.545,0.375,0.12,0.5429999999999999,0.2375,0.1155,0.1725,8
1610,I,0.545,0.42,0.125,0.7170000000000001,0.358,0.11199999999999999,0.22,8
1611,M,0.55,0.435,0.14,0.7625,0.327,0.1685,0.259,10
1612,I,0.55,0.425,0.15,0.639,0.26899999999999996,0.1345,0.217,9
1613,I,0.55,0.42,0.135,0.816,0.3995,0.1485,0.23,12
1614,I,0.55,0.415,0.145,0.7815,0.373,0.16,0.2215,8
1615,I,0.55,0.425,0.15,0.7665,0.33899999999999997,0.17600000000000002,0.21,8
1616,I,0.555,0.395,0.13,0.5585,0.222,0.1245,0.17,9
1617,I,0.555,0.435,0.14,0.765,0.3945,0.15,0.20600000000000002,8
1618,I,0.555,0.46,0.145,0.9005,0.3845,0.158,0.2765,11
1619,I,0.56,0.445,0.15,0.8225,0.3685,0.187,0.23600000000000002,10
1620,I,0.56,0.44,0.13,0.7235,0.349,0.149,0.2,8
1621,M,0.56,0.425,0.135,0.8490000000000001,0.3265,0.221,0.2645,10
1622,I,0.565,0.42,0.155,0.743,0.31,0.18600000000000003,0.231,9
1623,F,0.565,0.44,0.15,0.863,0.435,0.149,0.27,9
1624,M,0.565,0.44,0.125,0.802,0.3595,0.1825,0.215,9
1625,M,0.565,0.43,0.15,0.831,0.4245,0.1735,0.21899999999999997,10
1626,F,0.57,0.45,0.135,0.7805,0.3345,0.185,0.21,8
1627,M,0.57,0.45,0.14,0.795,0.3385,0.14800000000000002,0.245,9
1628,I,0.57,0.435,0.17,0.848,0.4,0.166,0.25,9
1629,I,0.57,0.43,0.145,0.833,0.354,0.14400000000000002,0.2815,10
1630,I,0.57,0.445,0.155,0.867,0.3705,0.1705,0.28,9
1631,I,0.57,0.445,0.145,0.7405,0.306,0.172,0.1825,12
1632,M,0.575,0.455,0.165,0.867,0.3765,0.1805,0.268,8
1633,I,0.575,0.425,0.135,0.7965,0.364,0.196,0.239,10
1634,F,0.575,0.47,0.155,1.1159999999999999,0.509,0.23800000000000002,0.34,10
1635,I,0.575,0.45,0.125,0.78,0.3275,0.188,0.235,9
1636,M,0.575,0.47,0.185,0.985,0.3745,0.2175,0.355,10
1637,F,0.575,0.465,0.195,0.9965,0.41700000000000004,0.247,0.47,8
1638,I,0.575,0.445,0.17,0.8015,0.3475,0.1465,0.25,9
1639,I,0.575,0.45,0.135,0.807,0.3615,0.17600000000000002,0.254,10
1640,F,0.575,0.435,0.15,1.0305,0.4605,0.218,0.36,8
1641,M,0.575,0.445,0.16,0.8390000000000001,0.4005,0.198,0.239,9
1642,M,0.575,0.44,0.16,0.9615,0.483,0.166,0.275,13
1643,F,0.58,0.435,0.15,0.8340000000000001,0.428,0.1515,0.23,8
1644,M,0.58,0.46,0.155,1.0335,0.469,0.2225,0.295,10
1645,M,0.58,0.43,0.13,0.7979999999999999,0.365,0.17300000000000001,0.2285,10
1646,I,0.58,0.445,0.125,0.7095,0.303,0.1405,0.235,9
1647,F,0.585,0.445,0.14,0.9129999999999999,0.4305,0.2205,0.253,10
1648,M,0.59,0.49,0.165,1.207,0.5589999999999999,0.235,0.309,10
1649,I,0.59,0.45,0.145,1.022,0.428,0.268,0.265,10
1650,I,0.59,0.46,0.145,0.9015,0.419,0.1785,0.26,11
1651,F,0.595,0.435,0.15,0.9,0.4175,0.17,0.265,8
1652,M,0.595,0.45,0.14,0.838,0.3965,0.19399999999999998,0.217,10
1653,M,0.595,0.45,0.145,0.9590000000000001,0.46299999999999997,0.2065,0.2535,10
1654,I,0.595,0.46,0.15,0.8335,0.377,0.1925,0.235,8
1655,F,0.6,0.46,0.155,0.9735,0.42700000000000005,0.2045,0.3,8
1656,F,0.6,0.475,0.15,1.13,0.575,0.196,0.305,9
1657,M,0.6,0.48,0.165,0.9165,0.4135,0.1965,0.2725,9
1658,I,0.6,0.48,0.17,0.9175,0.38,0.2225,0.29,8
1659,F,0.6,0.48,0.18,1.0645,0.4495,0.2455,0.325,10
1660,M,0.6,0.47,0.165,1.0590000000000002,0.504,0.24100000000000002,0.275,9
1661,M,0.6,0.47,0.16,1.194,0.5625,0.3045,0.2635,10
1662,F,0.605,0.455,0.145,0.9775,0.46799999999999997,0.1775,0.275,9
1663,M,0.605,0.475,0.145,0.884,0.3835,0.1905,0.27,8
1664,I,0.605,0.47,0.145,0.8025,0.379,0.2265,0.22,9
1665,F,0.605,0.48,0.14,0.991,0.4735,0.2345,0.24,8
1666,F,0.605,0.47,0.155,0.9740000000000001,0.39299999999999996,0.22399999999999998,0.3345,9
1667,F,0.605,0.505,0.18,1.4340000000000002,0.7285,0.264,0.431,11
1668,M,0.61,0.475,0.155,0.983,0.4565,0.228,0.266,10
1669,F,0.61,0.465,0.16,1.0725,0.4835,0.2515,0.28,10
1670,F,0.61,0.485,0.15,1.2405,0.6025,0.2915,0.3085,12
1671,M,0.61,0.47,0.16,1.022,0.449,0.2345,0.2945,9
1672,F,0.61,0.475,0.16,1.1155,0.3835,0.223,0.379,10
1673,I,0.61,0.465,0.125,0.9225,0.436,0.19,0.26,9
1674,M,0.61,0.47,0.17,1.1185,0.5225,0.2405,0.31,9
1675,F,0.61,0.485,0.18,1.2795,0.5735,0.2855,0.355,7
1676,M,0.615,0.47,0.16,1.0175,0.473,0.2395,0.28,10
1677,M,0.615,0.475,0.175,1.224,0.6035,0.261,0.311,9
1678,I,0.62,0.485,0.18,1.1540000000000001,0.4935,0.256,0.315,12
1679,F,0.62,0.515,0.155,1.3255,0.6685,0.2605,0.335,12
1680,M,0.62,0.515,0.175,1.2209999999999999,0.535,0.24100000000000002,0.395,13
1681,F,0.62,0.54,0.165,1.139,0.4995,0.2435,0.35700000000000004,11
1682,I,0.62,0.49,0.16,1.0659999999999998,0.446,0.24600000000000002,0.305,11
1683,F,0.62,0.48,0.18,1.2215,0.5820000000000001,0.2695,0.313,12
1684,I,0.62,0.47,0.14,0.8565,0.3595,0.16,0.295,9
1685,I,0.62,0.45,0.135,0.924,0.358,0.2265,0.2965,10
1686,M,0.62,0.48,0.15,1.266,0.6285,0.2575,0.309,12
1687,F,0.62,0.48,0.175,1.0405,0.46399999999999997,0.2225,0.3,9
1688,M,0.625,0.49,0.165,1.1165,0.4895,0.2615,0.3325,11
1689,M,0.625,0.475,0.16,1.0845,0.5005,0.2355,0.3105,10
1690,M,0.625,0.5,0.17,1.0985,0.4645,0.22,0.354,9
1691,I,0.625,0.47,0.155,1.1955,0.643,0.2055,0.3145,12
1692,F,0.625,0.485,0.175,1.3619999999999999,0.6765,0.2615,0.3705,10
1693,I,0.625,0.485,0.15,1.044,0.43799999999999994,0.2865,0.278,9
1694,M,0.63,0.505,0.17,1.0915,0.4615,0.266,0.3,9
1695,F,0.63,0.5,0.18,1.1965,0.514,0.2325,0.3995,8
1696,M,0.63,0.49,0.17,1.1745,0.5255,0.273,0.33899999999999997,11
1697,M,0.63,0.485,0.165,1.2329999999999999,0.6565,0.2315,0.3035,10
1698,M,0.63,0.495,0.175,1.2695,0.605,0.271,0.32799999999999996,11
1699,I,0.635,0.5,0.165,1.489,0.715,0.3445,0.3615,13
1700,M,0.635,0.5,0.17,1.4345,0.611,0.309,0.418,12
1701,F,0.635,0.49,0.175,1.2435,0.5805,0.313,0.305,10
1702,F,0.635,0.49,0.17,1.2615,0.5385,0.2665,0.38,9
1703,F,0.64,0.505,0.165,1.2235,0.5215,0.2695,0.36,10
1704,M,0.64,0.515,0.18,1.247,0.5475,0.2925,0.3685,10
1705,M,0.64,0.525,0.185,1.7069999999999999,0.763,0.4205,0.4435,11
1706,M,0.645,0.505,0.15,1.1605,0.519,0.2615,0.335,10
1707,M,0.645,0.5,0.175,1.286,0.5645,0.28800000000000003,0.386,12
1708,M,0.645,0.5,0.19,1.5595,0.741,0.3715,0.3845,14
1709,M,0.645,0.51,0.19,1.4745,0.605,0.345,0.48,9
1710,M,0.645,0.51,0.195,1.226,0.5885,0.2215,0.3745,10
1711,M,0.645,0.51,0.16,1.33,0.6665,0.309,0.317,9
1712,F,0.645,0.51,0.16,1.2415,0.5815,0.276,0.315,9
1713,M,0.645,0.5,0.175,1.3375,0.5539999999999999,0.308,0.415,10
1714,F,0.645,0.51,0.19,1.3630000000000002,0.573,0.36200000000000004,0.36,10
1715,M,0.645,0.485,0.15,1.2215,0.5695,0.2735,0.33,9
1716,F,0.645,0.48,0.19,1.371,0.6925,0.2905,0.35,12
1717,F,0.65,0.495,0.155,1.337,0.615,0.3195,0.335,9
1718,M,0.65,0.505,0.19,1.274,0.59,0.23,0.391,11
1719,M,0.65,0.525,0.185,1.4880000000000002,0.665,0.337,0.37799999999999995,11
1720,M,0.65,0.51,0.16,1.3835,0.6385,0.2905,0.3665,9
1721,M,0.655,0.55,0.18,1.274,0.586,0.281,0.365,10
1722,F,0.655,0.51,0.15,1.043,0.4795,0.223,0.305,9
1723,F,0.655,0.505,0.19,1.3485,0.5935,0.2745,0.425,12
1724,F,0.655,0.505,0.195,1.4405,0.688,0.3805,0.363,11
1725,M,0.66,0.5,0.165,1.3195,0.667,0.26899999999999996,0.341,9
1726,F,0.66,0.535,0.175,1.5175,0.711,0.3125,0.415,12
1727,M,0.66,0.53,0.195,1.5505,0.6505,0.3295,0.495,10
1728,M,0.66,0.51,0.165,1.6375,0.7685,0.3545,0.3925,14
1729,M,0.665,0.525,0.175,1.443,0.6635,0.3845,0.353,11
1730,M,0.665,0.505,0.16,1.2890000000000001,0.6145,0.253,0.3665,11
1731,F,0.665,0.505,0.16,1.2915,0.631,0.2925,0.32,11
1732,M,0.665,0.52,0.175,1.3725,0.606,0.32,0.395,12
1733,M,0.665,0.5,0.175,1.2975,0.6075,0.314,0.315,9
1734,M,0.67,0.505,0.16,1.2585,0.6255,0.311,0.308,12
1735,M,0.67,0.52,0.165,1.39,0.711,0.2865,0.3,11
1736,F,0.67,0.52,0.19,1.32,0.5235,0.3095,0.4275,13
1737,F,0.67,0.55,0.155,1.5659999999999998,0.858,0.33899999999999997,0.354,10
1738,F,0.67,0.54,0.195,1.619,0.74,0.3305,0.465,11
1739,M,0.675,0.525,0.16,1.2835,0.5720000000000001,0.2755,0.3545,13
1740,F,0.675,0.51,0.195,1.382,0.6045,0.3175,0.3965,10
1741,M,0.68,0.52,0.195,1.4535,0.5920000000000001,0.391,0.4125,10
1742,F,0.68,0.51,0.2,1.6075,0.7140000000000001,0.33899999999999997,0.4705,11
1743,M,0.685,0.52,0.15,1.3735,0.7185,0.293,0.32,11
1744,F,0.685,0.565,0.175,1.6380000000000001,0.7775,0.375,0.43799999999999994,11
1745,F,0.69,0.55,0.2,1.569,0.687,0.3675,0.46,12
1746,M,0.7,0.565,0.175,1.8565,0.8445,0.3935,0.54,10
1747,F,0.7,0.535,0.175,1.7730000000000001,0.6805,0.48,0.512,15
1748,F,0.705,0.545,0.17,1.58,0.6435,0.4565,0.265,11
1749,M,0.71,0.575,0.215,2.009,0.9895,0.4475,0.502,11
1750,F,0.71,0.57,0.195,1.9805,0.9925,0.4925,0.48,12
1751,F,0.71,0.54,0.205,1.5805,0.802,0.287,0.435,10
1752,M,0.71,0.56,0.22,2.015,0.9215,0.45399999999999996,0.5660000000000001,11
1753,M,0.72,0.57,0.2,1.8275,0.919,0.366,0.485,10
1754,M,0.72,0.55,0.205,2.125,1.1455,0.4425,0.511,13
1755,F,0.72,0.525,0.18,1.445,0.631,0.3215,0.435,7
1756,F,0.725,0.565,0.21,2.1425,1.03,0.48700000000000004,0.503,14
1757,F,0.73,0.56,0.19,1.9425,0.799,0.5195,0.5655,11
1758,M,0.735,0.59,0.215,1.7469999999999999,0.7275,0.40299999999999997,0.557,11
1759,F,0.74,0.565,0.205,2.119,0.9655,0.5185,0.48200000000000004,12
1760,F,0.75,0.565,0.215,1.9380000000000002,0.7735,0.4825,0.575,11
1761,M,0.75,0.595,0.205,2.2205,1.083,0.42100000000000004,0.63,12
1762,M,0.77,0.62,0.195,2.5155,1.1155,0.6415,0.642,12
1763,M,0.775,0.63,0.25,2.7795,1.3485,0.76,0.578,12
1764,I,0.275,0.175,0.09,0.2315,0.096,0.057,0.0705,5
1765,I,0.375,0.245,0.1,0.39399999999999996,0.166,0.091,0.1125,6
1766,F,0.375,0.27,0.135,0.597,0.272,0.131,0.1675,7
1767,M,0.39,0.28,0.125,0.564,0.3035,0.0955,0.14300000000000002,7
1768,I,0.435,0.3,0.12,0.5965,0.259,0.139,0.1645,8
1769,M,0.445,0.32,0.12,0.414,0.19899999999999998,0.09,0.11699999999999999,7
1770,I,0.455,0.335,0.105,0.42200000000000004,0.22899999999999998,0.0865,0.1,6
1771,I,0.455,0.325,0.135,0.82,0.4005,0.1715,0.21100000000000002,8
1772,I,0.455,0.345,0.11,0.434,0.207,0.0855,0.1215,8
1773,I,0.465,0.325,0.14,0.7615,0.36200000000000004,0.1535,0.209,10
1774,M,0.465,0.36,0.115,0.5795,0.295,0.1395,0.12,7
1775,I,0.485,0.365,0.105,0.5205,0.195,0.12300000000000001,0.182,8
1776,M,0.485,0.37,0.155,0.968,0.419,0.2455,0.2365,9
1777,I,0.485,0.345,0.16,0.8690000000000001,0.3085,0.185,0.319,9
1778,F,0.49,0.355,0.16,0.8795,0.3485,0.215,0.2825,8
1779,M,0.5,0.37,0.15,1.0615,0.494,0.223,0.29600000000000004,9
1780,M,0.515,0.35,0.155,0.9225,0.4185,0.198,0.273,9
1781,M,0.515,0.395,0.135,1.0070000000000001,0.47200000000000003,0.2495,0.252,8
1782,M,0.525,0.365,0.17,0.9605,0.43799999999999994,0.2225,0.276,10
1783,M,0.525,0.38,0.125,0.65,0.303,0.155,0.159,7
1784,M,0.53,0.41,0.14,0.7545,0.3495,0.1715,0.2105,8
1785,F,0.535,0.425,0.135,0.7709999999999999,0.3765,0.1815,0.1795,8
1786,I,0.535,0.385,0.18,1.0835,0.4955,0.2295,0.304,8
1787,I,0.545,0.42,0.165,0.8935,0.4235,0.2195,0.228,8
1788,F,0.545,0.415,0.2,1.358,0.5670000000000001,0.318,0.40299999999999997,10
1789,F,0.545,0.385,0.15,1.1185,0.5425,0.2445,0.2845,9
1790,F,0.55,0.38,0.165,1.205,0.5429999999999999,0.294,0.3345,10
1791,M,0.55,0.42,0.16,1.3405,0.6325,0.311,0.344,10
1792,M,0.57,0.455,0.175,1.02,0.4805,0.2145,0.29,9
1793,M,0.575,0.44,0.185,1.025,0.5075,0.2245,0.2485,10
1794,I,0.575,0.45,0.13,0.8145,0.40299999999999997,0.1715,0.213,10
1795,F,0.58,0.43,0.17,1.48,0.6535,0.324,0.4155,10
1796,M,0.585,0.455,0.145,0.953,0.3945,0.2685,0.258,10
1797,I,0.585,0.45,0.15,0.8915,0.3975,0.2035,0.253,8
1798,M,0.6,0.495,0.175,1.3005,0.6195,0.284,0.3285,11
1799,M,0.6,0.465,0.165,1.038,0.4975,0.2205,0.251,9
1800,M,0.605,0.475,0.175,1.2525,0.5575,0.3055,0.34299999999999997,9
1801,M,0.605,0.475,0.15,1.15,0.575,0.23199999999999998,0.297,10
1802,F,0.61,0.475,0.15,1.1135,0.5195,0.2575,0.3005,11
1803,F,0.615,0.455,0.145,1.1155,0.5045,0.23800000000000002,0.315,10
1804,M,0.62,0.47,0.145,1.0865,0.511,0.2715,0.2565,10
1805,M,0.625,0.495,0.175,1.254,0.5815,0.28600000000000003,0.3185,9
1806,M,0.625,0.49,0.185,1.169,0.5275,0.2535,0.344,11
1807,M,0.635,0.495,0.195,1.172,0.445,0.3115,0.3475,11
1808,F,0.635,0.475,0.15,1.1845,0.5329999999999999,0.307,0.29100000000000004,10
1809,F,0.64,0.475,0.14,1.0725,0.4895,0.2295,0.31,8
1810,M,0.645,0.5,0.16,1.3815,0.672,0.326,0.315,9
1811,M,0.65,0.525,0.19,1.6125,0.777,0.3685,0.3965,11
1812,M,0.65,0.485,0.16,1.7395,0.5715,0.2785,0.3075,10
1813,F,0.655,0.52,0.2,1.5475,0.713,0.314,0.466,9
1814,M,0.655,0.545,0.19,1.4245,0.6325,0.33299999999999996,0.37799999999999995,10
1815,F,0.665,0.515,0.185,1.3405,0.5595,0.293,0.4375,11
1816,F,0.675,0.53,0.175,1.4465,0.6775,0.33,0.389,10
1817,F,0.685,0.535,0.175,1.5845,0.7175,0.3775,0.4215,9
1818,F,0.695,0.55,0.185,1.679,0.805,0.4015,0.3965,10
1819,M,0.695,0.53,0.19,1.726,0.7625,0.436,0.455,11
1820,F,0.705,0.545,0.18,1.5395,0.6075,0.3675,0.4645,13
1821,F,0.72,0.55,0.195,2.073,1.0715,0.4265,0.5015,9
1822,M,0.72,0.56,0.18,1.5865,0.691,0.375,0.4425,11
1823,M,0.73,0.575,0.21,2.069,0.9285,0.409,0.643,11
1824,I,0.185,0.135,0.04,0.027000000000000003,0.0105,0.0055,0.009000000000000001,5
1825,I,0.24,0.18,0.055,0.0555,0.0235,0.013000000000000001,0.018000000000000002,4
1826,I,0.31,0.215,0.075,0.1275,0.0565,0.0275,0.036000000000000004,7
1827,I,0.34,0.26,0.085,0.1885,0.0815,0.0335,0.06,6
1828,I,0.35,0.265,0.08,0.2,0.09,0.042,0.06,7
1829,I,0.365,0.27,0.085,0.19699999999999998,0.0815,0.0325,0.065,6
1830,I,0.365,0.275,0.085,0.223,0.098,0.0375,0.075,7
1831,I,0.365,0.27,0.075,0.2215,0.095,0.0445,0.07,6
1832,I,0.39,0.31,0.105,0.2665,0.1185,0.0525,0.081,8
1833,I,0.405,0.3,0.09,0.26899999999999996,0.10300000000000001,0.067,0.11,6
1834,I,0.41,0.315,0.095,0.2805,0.114,0.0345,0.11,7
1835,I,0.41,0.335,0.105,0.3305,0.1405,0.064,0.105,7
1836,I,0.415,0.31,0.09,0.2815,0.1245,0.0615,0.085,6
1837,I,0.415,0.31,0.1,0.2805,0.114,0.0565,0.0975,6
1838,I,0.415,0.31,0.095,0.311,0.1125,0.0625,0.115,8
1839,I,0.42,0.325,0.1,0.368,0.1675,0.0625,0.1135,11
1840,I,0.43,0.34,0.1,0.3405,0.1395,0.0665,0.12,8
1841,I,0.435,0.335,0.1,0.3245,0.135,0.0785,0.098,7
1842,I,0.435,0.33,0.11,0.38,0.1515,0.0945,0.11,7
1843,I,0.435,0.33,0.105,0.335,0.156,0.0555,0.105,8
1844,I,0.435,0.345,0.12,0.3215,0.13,0.055999999999999994,0.1185,7
1845,I,0.445,0.33,0.11,0.358,0.1525,0.067,0.1185,8
1846,I,0.465,0.37,0.11,0.445,0.1635,0.096,0.166,7
1847,I,0.47,0.375,0.12,0.48700000000000004,0.196,0.099,0.135,8
1848,I,0.475,0.34,0.105,0.4535,0.203,0.08,0.1465,9
1849,I,0.485,0.385,0.13,0.568,0.2505,0.17800000000000002,0.154,7
1850,I,0.485,0.36,0.12,0.5155,0.2465,0.1025,0.147,8
1851,I,0.485,0.37,0.115,0.457,0.1885,0.0965,0.15,9
1852,I,0.495,0.38,0.135,0.5095,0.2065,0.1165,0.165,8
1853,I,0.495,0.38,0.145,0.5,0.205,0.14800000000000002,0.1505,8
1854,I,0.495,0.375,0.14,0.494,0.18100000000000002,0.0975,0.191,8
1855,I,0.5,0.38,0.11,0.5605,0.28,0.106,0.15,9
1856,I,0.505,0.405,0.13,0.599,0.2245,0.1175,0.225,11
1857,I,0.505,0.4,0.145,0.7045,0.33399999999999996,0.1425,0.207,8
1858,F,0.51,0.4,0.12,0.7005,0.34700000000000003,0.1105,0.195,10
1859,I,0.515,0.415,0.135,0.7125,0.285,0.152,0.245,10
1860,I,0.515,0.42,0.15,0.6725,0.2555,0.1335,0.235,10
1861,M,0.515,0.385,0.11,0.5785,0.253,0.16,0.14,8
1862,I,0.52,0.41,0.11,0.5185,0.2165,0.0915,0.184,8
1863,I,0.52,0.415,0.14,0.6375,0.308,0.1335,0.168,9
1864,I,0.52,0.395,0.125,0.5805,0.2445,0.146,0.165,9
1865,I,0.52,0.38,0.115,0.6645,0.3285,0.17,0.1425,7
1866,I,0.52,0.385,0.115,0.581,0.2555,0.156,0.14300000000000002,10
1867,I,0.525,0.415,0.12,0.596,0.2805,0.12,0.1695,9
1868,I,0.525,0.405,0.145,0.6965,0.3045,0.1535,0.21,8
1869,I,0.525,0.4,0.145,0.6095,0.248,0.159,0.175,9
1870,I,0.53,0.43,0.14,0.677,0.298,0.0965,0.23,8
1871,I,0.53,0.43,0.16,0.7245,0.321,0.1275,0.24,9
1872,I,0.53,0.395,0.13,0.575,0.247,0.115,0.183,9
1873,I,0.53,0.405,0.12,0.632,0.2715,0.14800000000000002,0.1875,9
1874,I,0.535,0.455,0.14,1.0015,0.53,0.1765,0.244,9
1875,F,0.54,0.425,0.16,0.9455,0.3675,0.2005,0.295,9
1876,I,0.54,0.395,0.135,0.6555,0.2705,0.155,0.192,9
1877,I,0.54,0.39,0.125,0.6255,0.2525,0.158,0.19,8
1878,I,0.545,0.425,0.14,0.8145,0.305,0.231,0.244,10
1879,I,0.545,0.43,0.14,0.687,0.2615,0.1405,0.25,9
1880,I,0.55,0.435,0.14,0.7995,0.295,0.1905,0.23800000000000002,10
1881,I,0.55,0.45,0.13,0.804,0.3375,0.1405,0.23,6
1882,M,0.555,0.435,0.14,0.7495,0.341,0.1645,0.214,8
1883,M,0.555,0.41,0.125,0.599,0.2345,0.1465,0.19399999999999998,8
1884,M,0.555,0.4,0.13,0.7075,0.332,0.1585,0.18,7
1885,I,0.555,0.45,0.175,0.738,0.304,0.1755,0.22,9
1886,M,0.555,0.455,0.135,0.8370000000000001,0.382,0.171,0.235,9
1887,I,0.56,0.445,0.165,0.8320000000000001,0.3455,0.179,0.27899999999999997,9
1888,F,0.565,0.445,0.125,0.8305,0.3135,0.1785,0.23,11
1889,M,0.565,0.415,0.125,0.667,0.302,0.1545,0.185,7
1890,M,0.565,0.455,0.155,0.9355,0.42100000000000004,0.183,0.26,11
1891,I,0.565,0.435,0.145,0.8445,0.3975,0.158,0.255,9
1892,M,0.565,0.45,0.16,0.895,0.415,0.195,0.24600000000000002,9
1893,I,0.565,0.46,0.155,0.8715,0.3755,0.215,0.25,10
1894,M,0.57,0.46,0.155,1.0005,0.45399999999999996,0.205,0.265,11
1895,M,0.57,0.455,0.155,0.8320000000000001,0.3585,0.174,0.27699999999999997,11
1896,M,0.57,0.44,0.175,0.9415,0.3805,0.2285,0.28300000000000003,9
1897,M,0.57,0.415,0.13,0.88,0.4275,0.1955,0.23800000000000002,13
1898,F,0.57,0.44,0.12,0.8029999999999999,0.382,0.1525,0.23399999999999999,9
1899,M,0.575,0.45,0.13,0.785,0.318,0.193,0.2265,9
1900,M,0.575,0.45,0.155,0.9765,0.495,0.2145,0.235,9
1901,M,0.575,0.435,0.135,0.992,0.43200000000000005,0.2225,0.239,10
1902,M,0.575,0.455,0.155,1.013,0.4685,0.2085,0.295,11
1903,M,0.575,0.445,0.145,0.8759999999999999,0.3795,0.1615,0.27,10
1904,F,0.575,0.465,0.175,1.099,0.4735,0.20199999999999999,0.35,9
1905,I,0.575,0.45,0.135,0.8715,0.45,0.162,0.225,10
1906,I,0.575,0.45,0.135,0.8245,0.3375,0.2115,0.239,11
1907,F,0.575,0.43,0.155,0.7955,0.3485,0.1925,0.22,9
1908,M,0.575,0.475,0.145,0.857,0.3665,0.17300000000000001,0.26899999999999996,9
1909,F,0.58,0.45,0.195,0.8265,0.4035,0.17300000000000001,0.225,9
1910,F,0.58,0.5,0.165,0.925,0.37,0.185,0.3005,10
1911,M,0.58,0.44,0.15,1.0465,0.518,0.2185,0.2795,10
1912,I,0.58,0.44,0.145,0.7905,0.3525,0.1645,0.242,10
1913,M,0.58,0.44,0.16,0.8295,0.3365,0.2005,0.2485,9
1914,M,0.595,0.455,0.15,0.8859999999999999,0.4315,0.201,0.223,10
1915,F,0.6,0.47,0.135,0.97,0.4655,0.1955,0.264,11
1916,M,0.6,0.46,0.17,1.1805,0.456,0.337,0.32899999999999996,11
1917,M,0.6,0.475,0.15,0.99,0.386,0.2195,0.3105,10
1918,F,0.6,0.465,0.16,1.133,0.466,0.2885,0.298,11
1919,I,0.605,0.49,0.165,1.071,0.48200000000000004,0.1935,0.35200000000000004,10
1920,F,0.605,0.455,0.145,0.862,0.33399999999999996,0.1985,0.3,9
1921,M,0.605,0.47,0.18,1.1155,0.479,0.2565,0.321,10
1922,M,0.61,0.48,0.14,1.031,0.4375,0.2615,0.27,8
1923,F,0.61,0.46,0.145,1.1185,0.478,0.2945,0.2985,10
1924,F,0.61,0.46,0.155,0.9570000000000001,0.4255,0.1975,0.265,8
1925,F,0.61,0.47,0.165,1.1785,0.5660000000000001,0.2785,0.294,11
1926,M,0.615,0.47,0.145,1.0285,0.4435,0.2825,0.285,11
1927,M,0.615,0.47,0.15,1.0875,0.4975,0.28300000000000003,0.2685,9
1928,F,0.615,0.495,0.16,1.255,0.5815,0.3195,0.3225,12
1929,M,0.615,0.495,0.2,1.219,0.564,0.22699999999999998,0.3885,10
1930,M,0.62,0.49,0.16,1.035,0.44,0.2525,0.285,11
1931,M,0.62,0.49,0.15,1.195,0.4605,0.302,0.355,9
1932,F,0.62,0.495,0.17,1.062,0.37200000000000005,0.213,0.34,11
1933,M,0.62,0.495,0.195,1.5145,0.579,0.34600000000000003,0.5195,15
1934,M,0.62,0.47,0.15,1.3090000000000002,0.5870000000000001,0.4405,0.325,9
1935,M,0.62,0.485,0.155,1.0295,0.425,0.2315,0.335,12
1936,M,0.625,0.495,0.155,1.0485,0.48700000000000004,0.212,0.3215,11
1937,M,0.625,0.515,0.17,1.331,0.5725,0.3005,0.361,9
1938,M,0.625,0.505,0.185,1.1565,0.52,0.2405,0.3535,10
1939,F,0.625,0.445,0.16,1.09,0.46,0.2965,0.304,11
1940,F,0.625,0.52,0.18,1.354,0.4845,0.35100000000000003,0.375,11
1941,F,0.625,0.47,0.145,0.9840000000000001,0.475,0.2,0.265,11
1942,M,0.63,0.49,0.155,1.2525,0.63,0.24600000000000002,0.289,9
1943,F,0.635,0.485,0.165,1.2695,0.5635,0.3065,0.3395,11
1944,F,0.635,0.52,0.165,1.3405,0.5065,0.29600000000000004,0.41200000000000003,11
1945,F,0.635,0.505,0.155,1.2895,0.594,0.314,0.345,11
1946,M,0.635,0.525,0.16,1.195,0.5435,0.24600000000000002,0.335,12
1947,M,0.635,0.5,0.165,1.273,0.6535,0.213,0.365,12
1948,M,0.635,0.515,0.165,1.229,0.5055,0.2975,0.3535,10
1949,M,0.64,0.53,0.165,1.1895,0.4765,0.3,0.35,11
1950,F,0.64,0.48,0.145,1.1145,0.508,0.24,0.34,10
1951,F,0.64,0.515,0.165,1.3115,0.4945,0.2555,0.41,10
1952,I,0.64,0.49,0.135,1.1,0.488,0.2505,0.2925,10
1953,M,0.64,0.49,0.155,1.1285,0.47700000000000004,0.26899999999999996,0.34,9
1954,F,0.64,0.485,0.185,1.4195,0.6735,0.3465,0.3255,11
1955,F,0.645,0.51,0.18,1.6195,0.7815,0.322,0.4675,12
1956,M,0.645,0.49,0.175,1.32,0.6525,0.2375,0.3385,11
1957,F,0.645,0.52,0.21,1.5535,0.616,0.3655,0.474,16
1958,I,0.65,0.52,0.15,1.238,0.5495,0.29600000000000004,0.3305,10
1959,F,0.65,0.51,0.155,1.189,0.483,0.278,0.3645,13
1960,F,0.65,0.51,0.185,1.375,0.531,0.384,0.3985,10
1961,F,0.655,0.515,0.18,1.412,0.6195,0.2485,0.49700000000000005,11
1962,F,0.655,0.525,0.175,1.348,0.5855,0.2605,0.39399999999999996,10
1963,M,0.655,0.52,0.17,1.1445,0.53,0.223,0.348,9
1964,F,0.66,0.535,0.205,1.4415,0.5925,0.2775,0.49,10
1965,M,0.66,0.51,0.175,1.218,0.5055,0.303,0.37,11
1966,F,0.665,0.5,0.15,1.2475,0.4625,0.2955,0.3595,10
1967,M,0.665,0.515,0.2,1.2695,0.5115,0.2675,0.436,12
1968,M,0.665,0.525,0.18,1.429,0.6715,0.29,0.4,12
1969,F,0.67,0.53,0.205,1.4015,0.643,0.2465,0.41600000000000004,12
1970,M,0.675,0.515,0.15,1.3119999999999998,0.556,0.2845,0.4115,11
1971,F,0.675,0.51,0.185,1.473,0.6295,0.3025,0.4245,11
1972,M,0.68,0.54,0.19,1.6230000000000002,0.7165,0.354,0.4715,12
1973,M,0.68,0.54,0.155,1.534,0.6709999999999999,0.379,0.384,10
1974,M,0.685,0.535,0.155,1.3845,0.6615,0.2145,0.4075,10
1975,M,0.69,0.55,0.18,1.6915,0.6655,0.402,0.5,11
1976,M,0.695,0.545,0.185,1.5715,0.6645,0.3835,0.4505,13
1977,F,0.7,0.575,0.205,1.7730000000000001,0.605,0.447,0.5379999999999999,13
1978,M,0.7,0.55,0.175,1.4405,0.6565,0.2985,0.375,12
1979,M,0.7,0.55,0.195,1.6245,0.675,0.34700000000000003,0.535,13
1980,F,0.705,0.535,0.22,1.8659999999999999,0.929,0.3835,0.4395,10
1981,F,0.72,0.575,0.18,1.6705,0.732,0.3605,0.501,12
1982,M,0.72,0.565,0.19,2.081,1.0815,0.4305,0.503,11
1983,F,0.725,0.57,0.205,1.6195,0.7440000000000001,0.315,0.488,11
1984,F,0.75,0.55,0.195,1.8325,0.83,0.366,0.44,11
1985,M,0.76,0.605,0.215,2.173,0.8009999999999999,0.4915,0.6459999999999999,13
1986,I,0.135,0.13,0.04,0.028999999999999998,0.0125,0.0065,0.008,4
1987,I,0.16,0.11,0.025,0.0195,0.0075,0.005,0.006,4
1988,I,0.21,0.15,0.055,0.0465,0.017,0.012,0.015,5
1989,I,0.28,0.21,0.075,0.1195,0.053,0.0265,0.03,6
1990,I,0.28,0.2,0.065,0.0895,0.036000000000000004,0.0185,0.03,7
1991,I,0.285,0.215,0.06,0.0935,0.031,0.023,0.03,6
1992,I,0.29,0.21,0.07,0.1115,0.048,0.0205,0.03,5
1993,I,0.29,0.21,0.06,0.1195,0.055999999999999994,0.0235,0.03,6
1994,I,0.29,0.21,0.065,0.09699999999999999,0.0375,0.022000000000000002,0.03,6
1995,I,0.32,0.24,0.07,0.133,0.0585,0.0255,0.040999999999999995,6
1996,I,0.325,0.25,0.07,0.1745,0.0875,0.0355,0.04,7
1997,I,0.335,0.25,0.08,0.1695,0.0695,0.044000000000000004,0.0495,6
1998,I,0.35,0.235,0.08,0.17,0.0725,0.0465,0.0495,7
1999,I,0.35,0.25,0.07,0.1605,0.0715,0.0335,0.046,6
2000,I,0.355,0.27,0.105,0.271,0.1425,0.0525,0.0735,9
2001,I,0.36,0.27,0.085,0.2185,0.1065,0.038,0.062,6
2002,I,0.36,0.27,0.085,0.196,0.0905,0.034,0.053,7
2003,I,0.375,0.28,0.08,0.226,0.105,0.047,0.065,6
2004,I,0.375,0.275,0.085,0.22,0.109,0.05,0.0605,7
2005,I,0.395,0.29,0.095,0.3,0.158,0.068,0.078,7
2006,I,0.405,0.25,0.09,0.2875,0.128,0.063,0.0805,7
2007,I,0.415,0.325,0.11,0.316,0.1385,0.0795,0.0925,8
2008,I,0.425,0.315,0.095,0.3675,0.1865,0.0675,0.0985,7
2009,I,0.43,0.32,0.11,0.3675,0.1675,0.102,0.105,8
2010,I,0.435,0.325,0.12,0.34600000000000003,0.159,0.084,0.095,7
2011,M,0.45,0.33,0.105,0.4955,0.2575,0.08199999999999999,0.129,8
2012,I,0.46,0.35,0.11,0.4675,0.2125,0.099,0.1375,7
2013,M,0.47,0.365,0.135,0.522,0.2395,0.1525,0.145,10
2014,I,0.47,0.375,0.105,0.441,0.16699999999999998,0.0865,0.145,10
2015,I,0.475,0.365,0.12,0.5185,0.268,0.1095,0.1365,8
2016,M,0.505,0.39,0.12,0.653,0.3315,0.1385,0.16699999999999998,9
2017,M,0.505,0.395,0.135,0.5915,0.28800000000000003,0.1315,0.185,12
2018,M,0.505,0.385,0.115,0.4825,0.21,0.1035,0.1535,10
2019,I,0.51,0.455,0.135,0.6855,0.2875,0.154,0.2035,9
2020,M,0.515,0.4,0.14,0.6335,0.28800000000000003,0.145,0.168,9
2021,M,0.525,0.41,0.13,0.6875,0.3435,0.1495,0.1765,9
2022,F,0.53,0.43,0.15,0.741,0.325,0.1855,0.196,9
2023,F,0.53,0.405,0.13,0.6355,0.2635,0.1565,0.185,9
2024,M,0.545,0.44,0.14,0.8395,0.35600000000000004,0.1905,0.2385,11
2025,F,0.55,0.47,0.15,0.9205,0.381,0.2435,0.2675,10
2026,F,0.56,0.41,0.16,0.8215,0.342,0.184,0.253,9
2027,M,0.565,0.445,0.145,0.9255,0.4345,0.212,0.2475,9
2028,F,0.57,0.435,0.15,0.8295,0.3875,0.156,0.245,10
2029,M,0.58,0.46,0.16,1.063,0.513,0.2705,0.2625,9
2030,M,0.59,0.465,0.165,1.115,0.5165,0.273,0.275,10
2031,F,0.6,0.45,0.14,0.8370000000000001,0.37,0.177,0.2425,10
2032,M,0.605,0.445,0.14,0.982,0.4295,0.2085,0.295,12
2033,M,0.61,0.49,0.16,1.112,0.465,0.228,0.341,10
2034,F,0.625,0.515,0.18,1.3485,0.5255,0.252,0.3925,14
2035,M,0.66,0.515,0.195,1.5655,0.7345,0.353,0.386,9
2036,I,0.255,0.19,0.06,0.086,0.04,0.0185,0.025,5
2037,I,0.27,0.195,0.065,0.1065,0.0475,0.0225,0.0285,5
2038,I,0.28,0.215,0.08,0.132,0.07200000000000001,0.022000000000000002,0.033,5
2039,I,0.285,0.215,0.07,0.1075,0.051,0.0225,0.027000000000000003,6
2040,I,0.32,0.255,0.085,0.1745,0.07200000000000001,0.033,0.057,8
2041,I,0.325,0.24,0.07,0.152,0.0565,0.0305,0.054000000000000006,8
2042,I,0.385,0.28,0.1,0.2755,0.1305,0.061,0.0725,8
2043,I,0.395,0.295,0.1,0.293,0.14,0.062,0.08199999999999999,7
2044,F,0.4,0.305,0.16,0.368,0.17300000000000001,0.0705,0.105,7
2045,I,0.405,0.31,0.09,0.312,0.138,0.06,0.087,8
2046,I,0.415,0.305,0.12,0.336,0.165,0.076,0.0805,7
2047,I,0.42,0.315,0.115,0.355,0.1895,0.065,0.087,6
2048,I,0.44,0.305,0.115,0.379,0.162,0.091,0.11,9
2049,I,0.445,0.32,0.12,0.37799999999999995,0.152,0.0825,0.12,8
2050,M,0.45,0.35,0.13,0.4655,0.2075,0.1045,0.135,8
2051,F,0.455,0.355,1.13,0.594,0.332,0.11599999999999999,0.1335,8
2052,M,0.46,0.345,0.12,0.4935,0.2435,0.1175,0.132,8
2053,M,0.46,0.345,0.11,0.4595,0.235,0.0885,0.11599999999999999,7
2054,M,0.465,0.36,0.11,0.4955,0.2665,0.085,0.121,7
2055,I,0.465,0.355,0.09,0.4325,0.2005,0.07400000000000001,0.1275,9
2056,F,0.475,0.38,0.14,0.6890000000000001,0.3165,0.1315,0.1955,7
2057,I,0.48,0.35,0.135,0.5465,0.2735,0.0995,0.158,8
2058,M,0.485,0.39,0.135,0.617,0.25,0.1345,0.1635,8
2059,I,0.49,0.37,0.11,0.5379999999999999,0.271,0.1035,0.139,8
2060,M,0.5,0.39,0.135,0.7815,0.361,0.1575,0.2385,9
2061,F,0.5,0.38,0.14,0.6355,0.27699999999999997,0.14300000000000002,0.1785,8
2062,M,0.505,0.385,0.13,0.6435,0.3135,0.149,0.1515,7
2063,M,0.525,0.385,0.1,0.5115,0.24600000000000002,0.1005,0.1455,8
2064,M,0.535,0.42,0.125,0.738,0.355,0.1895,0.1795,8
2065,F,0.535,0.42,0.13,0.6990000000000001,0.3125,0.1565,0.2035,8
2066,F,0.54,0.385,0.14,0.7655,0.3265,0.11599999999999999,0.2365,10
2067,F,0.54,0.42,0.13,0.7505,0.368,0.1675,0.1845,9
2068,F,0.545,0.43,0.16,0.8440000000000001,0.3945,0.1855,0.231,9
2069,M,0.55,0.41,0.13,0.8705,0.4455,0.2115,0.213,9
2070,I,0.55,0.42,0.115,0.6679999999999999,0.2925,0.13699999999999998,0.209,11
2071,F,0.565,0.44,0.135,0.83,0.39299999999999996,0.1735,0.23800000000000002,9
2072,M,0.58,0.45,0.12,0.8685,0.418,0.1475,0.2605,8
2073,F,0.58,0.435,0.15,0.8390000000000001,0.3485,0.207,0.192,7
2074,F,0.585,0.485,0.15,1.079,0.4145,0.2115,0.35600000000000004,11
2075,M,0.595,0.465,0.15,0.919,0.4335,0.1765,0.262,9
2076,F,0.6,0.47,0.19,1.1345,0.49200000000000005,0.2595,0.3375,10
2077,F,0.61,0.43,0.14,0.909,0.43799999999999994,0.2,0.22,8
2078,M,0.61,0.48,0.165,1.2435,0.5575,0.2675,0.37200000000000005,8
2079,F,0.62,0.49,0.16,1.056,0.493,0.244,0.2725,9
2080,M,0.645,0.495,0.15,1.2095,0.603,0.2225,0.33899999999999997,9
2081,M,0.65,0.5,0.14,1.238,0.6165,0.2355,0.32,8
2082,F,0.665,0.525,0.21,1.6440000000000001,0.818,0.3395,0.4275,10
2083,M,0.685,0.55,0.2,1.7725,0.813,0.387,0.49,11
2084,F,0.69,0.54,0.195,1.2525,0.73,0.3975,0.462,12
2085,F,0.705,0.57,0.185,1.761,0.747,0.3725,0.488,10
2086,F,0.71,0.5,0.15,1.3165,0.6835,0.2815,0.28,10
2087,M,0.72,0.585,0.22,1.9140000000000001,0.9155,0.44799999999999995,0.479,11
2088,F,0.72,0.575,0.215,2.1,0.8565,0.4825,0.602,12
2089,F,0.73,0.555,0.18,1.6895,0.6555,0.1965,0.4935,10
2090,M,0.775,0.57,0.22,2.032,0.735,0.4755,0.6585,17
2091,F,0.505,0.39,0.115,0.66,0.3045,0.1555,0.175,8
2092,M,0.53,0.425,0.13,0.7455,0.2995,0.1355,0.245,10
2093,F,0.505,0.385,0.115,0.616,0.243,0.1075,0.21,11
2094,I,0.405,0.305,0.09,0.2825,0.114,0.0575,0.095,7
2095,M,0.415,0.3,0.1,0.3355,0.1545,0.0685,0.095,7
2096,M,0.5,0.39,0.145,0.6509999999999999,0.273,0.132,0.22,11
2097,M,0.425,0.33,0.08,0.361,0.134,0.0825,0.125,7
2098,M,0.47,0.35,0.1,0.4775,0.1885,0.0885,0.175,8
2099,F,0.4,0.31,0.115,0.3465,0.1475,0.0695,0.115,10
2100,I,0.37,0.29,0.1,0.25,0.1025,0.0505,0.085,10
2101,M,0.5,0.38,0.155,0.66,0.2655,0.1365,0.215,19
2102,I,0.41,0.31,0.11,0.315,0.124,0.08199999999999999,0.095,9
2103,M,0.375,0.29,0.1,0.276,0.1175,0.0565,0.085,9
2104,F,0.49,0.385,0.125,0.5395,0.2175,0.128,0.165,11
2105,M,0.585,0.48,0.185,1.04,0.434,0.265,0.285,10
2106,M,0.595,0.455,0.155,1.041,0.41600000000000004,0.2105,0.365,14
2107,F,0.675,0.55,0.18,1.6885,0.562,0.3705,0.6,15
2108,M,0.665,0.535,0.225,2.1835,0.7535,0.391,0.885,27
2109,M,0.62,0.49,0.17,1.2105,0.5185,0.2555,0.335,13
2110,I,0.325,0.25,0.055,0.166,0.076,0.051,0.045,5
2111,I,0.455,0.355,0.08,0.452,0.2165,0.0995,0.125,9
2112,M,0.525,0.405,0.13,0.7185,0.3265,0.1975,0.175,8
2113,I,0.385,0.29,0.09,0.23199999999999998,0.0855,0.0495,0.08,7
2114,I,0.13,0.095,0.035,0.0105,0.005,0.0065,0.0035,4
2115,I,0.18,0.13,0.045,0.0275,0.0125,0.01,0.009000000000000001,3
2116,I,0.31,0.225,0.05,0.1445,0.0675,0.0385,0.045,6
2117,F,0.375,0.29,0.08,0.282,0.1405,0.0725,0.08,7
2118,F,0.48,0.38,0.12,0.608,0.2705,0.1405,0.185,8
2119,I,0.455,0.37,0.125,0.433,0.201,0.1265,0.145,9
2120,M,0.425,0.325,0.1,0.3295,0.1365,0.0725,0.11,7
2121,I,0.475,0.36,0.11,0.4555,0.177,0.0965,0.145,9
2122,F,0.435,0.35,0.12,0.4585,0.192,0.1,0.13,11
2123,F,0.29,0.21,0.075,0.275,0.113,0.0675,0.035,6
2124,M,0.385,0.295,0.095,0.335,0.147,0.094,0.09,7
2125,M,0.47,0.375,0.115,0.4265,0.1685,0.0755,0.15,8
2126,F,0.5,0.4,0.125,0.5765,0.2395,0.126,0.185,10
2127,I,0.4,0.31,0.1,0.127,0.106,0.071,0.085,7
2128,M,0.62,0.51,0.175,1.1505,0.4375,0.2265,0.4,12
2129,M,0.595,0.47,0.15,0.8915,0.359,0.2105,0.245,12
2130,M,0.585,0.455,0.14,0.97,0.462,0.185,0.295,9
2131,M,0.32,0.24,0.08,0.18,0.08,0.0385,0.055,6
2132,F,0.52,0.41,0.125,0.6985,0.2945,0.1625,0.215,10
2133,M,0.44,0.35,0.11,0.4585,0.2,0.0885,0.13,9
2134,F,0.44,0.33,0.115,0.4005,0.14300000000000002,0.113,0.12,8
2135,M,0.565,0.425,0.1,0.7145,0.3055,0.166,0.18,12
2136,F,0.56,0.425,0.125,0.932,0.361,0.213,0.335,9
2137,F,0.59,0.455,0.175,0.966,0.391,0.2455,0.31,10
2138,F,0.57,0.465,0.18,0.9995,0.405,0.27699999999999997,0.295,16
2139,M,0.68,0.53,0.205,1.496,0.5825,0.337,0.465,14
2140,F,0.45,0.36,0.125,0.5065,0.222,0.105,0.16,10
2141,I,0.32,0.24,0.075,0.1735,0.076,0.0355,0.05,7
2142,I,0.46,0.35,0.11,0.3945,0.1685,0.0865,0.125,9
2143,M,0.47,0.37,0.105,0.4665,0.2025,0.1015,0.155,10
2144,M,0.455,0.35,0.105,0.401,0.1575,0.083,0.135,9
2145,F,0.415,0.325,0.115,0.3455,0.1405,0.0765,0.11,9
2146,M,0.465,0.35,0.12,0.5205,0.2015,0.1625,0.185,11
2147,M,0.46,0.375,0.135,0.4935,0.18600000000000003,0.0845,0.17,12
2148,M,0.415,0.31,0.09,0.3245,0.1305,0.0735,0.115,8
2149,M,0.27,0.195,0.07,0.106,0.0465,0.018000000000000002,0.036000000000000004,7
2150,M,0.445,0.355,0.11,0.4415,0.1805,0.1035,0.1505,10
2151,F,0.745,0.585,0.19,1.966,0.8435,0.43700000000000006,0.5855,18
2152,F,0.4,0.3,0.115,0.3025,0.1335,0.0465,0.0935,8
2153,I,0.28,0.2,0.075,0.1225,0.0545,0.0115,0.035,5
2154,M,0.55,0.44,0.135,0.879,0.368,0.2095,0.265,10
2155,M,0.58,0.46,0.165,1.2275,0.473,0.1965,0.435,16
2156,M,0.61,0.5,0.165,1.2715,0.4915,0.185,0.49,12
2157,M,0.62,0.495,0.175,1.806,0.643,0.3285,0.725,17
2158,M,0.56,0.42,0.195,0.8085,0.3025,0.1795,0.285,14
2159,F,0.64,0.51,0.2,1.3905,0.61,0.3315,0.41,12
2160,M,0.69,0.55,0.2,1.8465,0.732,0.47200000000000003,0.57,19
2161,F,0.715,0.565,0.24,2.1995,0.7245,0.465,0.885,17
2162,F,0.71,0.565,0.195,1.817,0.785,0.49200000000000005,0.49,11
2163,F,0.55,0.47,0.15,0.897,0.377,0.184,0.29,9
2164,M,0.375,0.305,0.09,0.3245,0.1395,0.0565,0.095,5
2165,F,0.61,0.45,0.16,1.136,0.414,0.311,0.3,9
2166,I,0.38,0.28,0.085,0.2735,0.115,0.061,0.085,6
2167,F,0.37,0.275,0.085,0.2405,0.10400000000000001,0.0535,0.07,5
2168,M,0.335,0.235,0.085,0.1545,0.066,0.0345,0.045,6
2169,I,0.165,0.115,0.015,0.0145,0.0055,0.003,0.005,4
2170,M,0.285,0.21,0.075,0.1185,0.055,0.0285,0.04,7
2171,I,0.19,0.13,0.03,0.0295,0.0155,0.015,0.01,6
2172,I,0.215,0.15,0.03,0.0385,0.0115,0.005,0.01,5
2173,M,0.595,0.465,0.125,0.799,0.3245,0.2,0.23,10
2174,F,0.645,0.5,0.17,1.1845,0.4805,0.27399999999999997,0.355,13
2175,M,0.575,0.45,0.185,0.925,0.342,0.19699999999999998,0.35,12
2176,F,0.57,0.45,0.17,1.0979999999999999,0.414,0.187,0.405,20
2177,F,0.58,0.45,0.235,1.071,0.3,0.20600000000000002,0.395,14
2178,F,0.595,0.48,0.2,0.975,0.358,0.2035,0.34,15
2179,F,0.595,0.47,0.25,1.2830000000000001,0.462,0.2475,0.445,14
2180,F,0.625,0.42,0.165,1.0595,0.358,0.165,0.445,21
2181,M,0.535,0.42,0.165,0.9195,0.3355,0.1985,0.26,16
2182,M,0.55,0.43,0.16,0.9295,0.317,0.1735,0.355,13
2183,M,0.495,0.4,0.155,0.8085,0.2345,0.1155,0.35,6
2184,I,0.32,0.235,0.08,0.1485,0.064,0.031,0.045,6
2185,M,0.445,0.34,0.12,0.4475,0.193,0.1035,0.13,9
2186,F,0.52,0.4,0.125,0.6865,0.295,0.1715,0.185,9
2187,M,0.495,0.385,0.135,0.6335,0.2,0.1225,0.26,14
2188,M,0.47,0.37,0.135,0.547,0.222,0.1325,0.17,12
2189,F,0.49,0.37,0.14,0.585,0.243,0.115,0.195,10
2190,M,0.58,0.47,0.165,0.927,0.3215,0.1985,0.315,11
2191,M,0.645,0.495,0.185,1.4935,0.5265,0.2785,0.455,15
2192,F,0.575,0.485,0.165,1.0405,0.419,0.264,0.3,14
2193,I,0.215,0.17,0.055,0.0605,0.0205,0.013999999999999999,0.02,6
2194,I,0.43,0.325,0.11,0.3675,0.1355,0.0935,0.12,13
2195,I,0.26,0.215,0.08,0.099,0.037000000000000005,0.0255,0.045,5
2196,I,0.37,0.28,0.09,0.233,0.0905,0.0545,0.07,11
2197,I,0.405,0.305,0.105,0.3625,0.1565,0.0705,0.125,10
2198,I,0.27,0.19,0.08,0.081,0.0265,0.0195,0.03,6
2199,F,0.68,0.55,0.2,1.5959999999999999,0.525,0.4075,0.585,21
2200,F,0.65,0.515,0.195,1.4005,0.5195,0.36,0.44,13
2201,F,0.645,0.49,0.215,1.406,0.4265,0.2285,0.51,25
2202,M,0.57,0.405,0.16,0.9245,0.3445,0.2185,0.295,19
2203,M,0.615,0.48,0.19,1.36,0.5305,0.2375,0.47,18
2204,M,0.42,0.345,0.105,0.43,0.175,0.096,0.13,7
2205,I,0.275,0.22,0.08,0.1365,0.0565,0.0285,0.042,6
2206,F,0.29,0.225,0.075,0.14,0.0515,0.0235,0.04,5
2207,M,0.42,0.34,0.115,0.4215,0.175,0.09300000000000001,0.135,8
2208,F,0.625,0.525,0.215,1.5765,0.5115,0.2595,0.665,16
2209,F,0.55,0.465,0.18,1.2125,0.3245,0.205,0.525,27
2210,M,0.66,0.505,0.2,1.6305,0.4865,0.297,0.61,18
2211,M,0.565,0.47,0.195,1.1420000000000001,0.387,0.258,0.35,17
2212,F,0.595,0.495,0.235,1.3659999999999999,0.5065,0.21899999999999997,0.52,13
2213,M,0.63,0.51,0.23,1.5390000000000001,0.5635,0.2815,0.57,17
2214,F,0.43,0.325,0.12,0.445,0.165,0.0995,0.155,8
2215,F,0.455,0.35,0.14,0.5725,0.1965,0.1325,0.175,10
2216,I,0.33,0.26,0.08,0.19,0.0765,0.0385,0.065,7
2217,F,0.515,0.415,0.13,0.764,0.276,0.196,0.25,13
2218,M,0.495,0.39,0.15,0.853,0.3285,0.18899999999999997,0.27,14
2219,F,0.485,0.375,0.145,0.5885,0.2385,0.1155,0.19,13
2220,F,0.535,0.46,0.145,0.7875,0.3395,0.2005,0.2,8
2221,M,0.58,0.465,0.175,1.035,0.401,0.1865,0.385,17
2222,F,0.625,0.525,0.195,1.3519999999999999,0.4505,0.2445,0.53,13
2223,F,0.555,0.455,0.18,0.958,0.29600000000000004,0.195,0.39,14
2224,F,0.55,0.425,0.145,0.797,0.297,0.15,0.265,9
2225,M,0.59,0.475,0.155,0.857,0.35600000000000004,0.174,0.28,13
2226,I,0.355,0.28,0.11,0.2235,0.0815,0.0525,0.08,7
2227,I,0.275,0.2,0.075,0.086,0.0305,0.019,0.03,7
2228,F,0.505,0.39,0.175,0.6920000000000001,0.267,0.15,0.215,12
2229,M,0.37,0.28,0.095,0.2225,0.0805,0.051,0.075,7
2230,M,0.555,0.43,0.165,0.7575,0.2735,0.1635,0.275,13
2231,F,0.505,0.4,0.165,0.7290000000000001,0.2675,0.155,0.25,9
2232,F,0.56,0.445,0.18,0.903,0.3575,0.2045,0.295,9
2233,M,0.595,0.475,0.17,1.0965,0.419,0.22899999999999998,0.35,17
2234,F,0.57,0.45,0.165,0.903,0.3305,0.1845,0.295,14
2235,M,0.6,0.48,0.175,1.229,0.4125,0.2735,0.415,13
2236,F,0.56,0.435,0.185,1.1059999999999999,0.42200000000000004,0.2435,0.33,15
2237,M,0.585,0.465,0.19,1.171,0.3905,0.2355,0.4,17
2238,I,0.46,0.335,0.11,0.444,0.225,0.0745,0.11,8
2239,F,0.46,0.36,0.115,0.4755,0.2105,0.105,0.16,8
2240,M,0.415,0.315,0.125,0.38799999999999996,0.068,0.09,0.125,12
2241,F,0.435,0.32,0.12,0.3785,0.152,0.0915,0.125,11
2242,F,0.475,0.38,0.135,0.486,0.1735,0.07,0.185,7
2243,M,0.465,0.36,0.13,0.5265,0.2105,0.1185,0.165,10
2244,I,0.355,0.28,0.1,0.2275,0.0935,0.0455,0.085,11
2245,M,0.46,0.375,0.14,0.5105,0.192,0.1045,0.205,9
2246,F,0.38,0.325,0.11,0.3105,0.12,0.07400000000000001,0.105,10
2247,F,0.47,0.365,0.12,0.5429999999999999,0.2295,0.1495,0.15,9
2248,M,0.36,0.27,0.09,0.2225,0.083,0.053,0.075,6
2249,F,0.585,0.455,0.165,0.998,0.345,0.2495,0.315,12
2250,M,0.655,0.59,0.2,1.5455,0.654,0.3765,0.415,11
2251,M,0.6,0.485,0.175,1.2675,0.4995,0.2815,0.38,13
2252,F,0.57,0.46,0.17,1.1,0.4125,0.2205,0.38,14
2253,F,0.645,0.5,0.2,1.4285,0.639,0.305,0.36,11
2254,M,0.65,0.495,0.18,1.7930000000000001,0.8005,0.33899999999999997,0.53,14
2255,M,0.51,0.395,0.145,0.6185,0.21600000000000003,0.1385,0.24,12
2256,M,0.52,0.38,0.135,0.5825,0.2505,0.1565,0.175,8
2257,M,0.495,0.415,0.165,0.7485,0.264,0.134,0.285,13
2258,M,0.43,0.335,0.115,0.406,0.166,0.0935,0.135,8
2259,F,0.59,0.465,0.16,1.1005,0.506,0.2525,0.295,13
2260,M,0.55,0.46,0.175,0.8690000000000001,0.3155,0.1825,0.32,10
2261,M,0.585,0.43,0.16,0.955,0.3625,0.17600000000000002,0.27,11
2262,F,0.58,0.455,0.16,0.9215,0.312,0.196,0.3,17
2263,F,0.62,0.51,0.15,1.456,0.581,0.2875,0.32,13
2264,I,0.59,0.45,0.16,0.893,0.2745,0.2185,0.345,14
2265,F,0.72,0.575,0.215,2.226,0.8955,0.405,0.62,13
2266,F,0.635,0.51,0.175,1.2125,0.5735,0.261,0.36,14
2267,F,0.61,0.48,0.175,1.0675,0.391,0.21600000000000003,0.42,15
2268,F,0.545,0.445,0.175,0.8525,0.3465,0.18899999999999997,0.295,13
2269,M,0.57,0.45,0.16,0.8615,0.3725,0.2175,0.255,12
2270,F,0.6,0.475,0.18,1.162,0.511,0.2675,0.32,18
2271,F,0.52,0.41,0.17,0.8705,0.3735,0.21899999999999997,0.25,14
2272,M,0.635,0.51,0.21,1.598,0.6535,0.2835,0.58,15
2273,F,0.67,0.52,0.15,1.406,0.519,0.348,0.37,13
2274,M,0.695,0.57,0.2,2.033,0.7509999999999999,0.4255,0.685,15
2275,M,0.655,0.525,0.185,1.2590000000000001,0.48700000000000004,0.2215,0.445,20
2276,F,0.62,0.48,0.23,1.0935,0.40299999999999997,0.245,0.355,14
2277,F,0.6,0.475,0.18,1.1805,0.4345,0.2475,0.425,19
2278,M,0.51,0.405,0.13,0.7175,0.3725,0.158,0.17,9
2279,M,0.525,0.405,0.135,0.7575,0.3305,0.21600000000000003,0.195,10
2280,M,0.44,0.375,0.13,0.48700000000000004,0.226,0.0965,0.155,9
2281,I,0.485,0.415,0.14,0.5705,0.25,0.134,0.185,8
2282,F,0.495,0.385,0.13,0.6905,0.3125,0.179,0.175,10
2283,I,0.435,0.345,0.12,0.4475,0.221,0.11199999999999999,0.125,7
2284,I,0.405,0.315,0.105,0.34700000000000003,0.1605,0.0785,0.1,9
2285,I,0.42,0.33,0.1,0.35200000000000004,0.1635,0.08900000000000001,0.1,9
2286,F,0.5,0.395,0.15,0.7145,0.3235,0.17300000000000001,0.195,9
2287,F,0.385,0.305,0.105,0.3315,0.1365,0.0745,0.1,7
2288,I,0.33,0.265,0.09,0.18,0.068,0.036000000000000004,0.06,6
2289,F,0.58,0.475,0.155,0.9740000000000001,0.4305,0.23,0.285,10
2290,I,0.325,0.27,0.1,0.185,0.08,0.0435,0.065,6
2291,M,0.475,0.375,0.12,0.563,0.2525,0.1205,0.185,10
2292,F,0.38,0.3,0.09,0.3215,0.1545,0.075,0.095,9
2293,I,0.34,0.26,0.09,0.179,0.076,0.0525,0.055,6
2294,M,0.525,0.425,0.12,0.7020000000000001,0.3335,0.1465,0.22,12
2295,F,0.52,0.415,0.145,0.8045,0.3325,0.1725,0.285,10
2296,F,0.535,0.45,0.135,0.8075,0.322,0.18100000000000002,0.25,13
2297,M,0.475,0.36,0.12,0.578,0.2825,0.12,0.17,8
2298,I,0.415,0.325,0.1,0.385,0.16699999999999998,0.08,0.125,7
2299,I,0.495,0.385,0.125,0.585,0.2755,0.1235,0.165,8
2300,F,0.48,0.405,0.13,0.6375,0.27699999999999997,0.1445,0.21,10
2301,F,0.52,0.425,0.15,0.813,0.385,0.2015,0.23,10
2302,M,0.46,0.375,0.13,0.5735,0.2505,0.11900000000000001,0.195,9
2303,F,0.58,0.455,0.12,0.94,0.39899999999999997,0.257,0.265,11
2304,M,0.59,0.49,0.135,1.008,0.42200000000000004,0.2245,0.285,11
2305,F,0.55,0.415,0.135,0.775,0.302,0.179,0.26,23
2306,F,0.65,0.5,0.165,1.1445,0.485,0.218,0.365,12
2307,F,0.465,0.375,0.135,0.6,0.2225,0.129,0.23,16
2308,M,0.455,0.355,0.13,0.515,0.2,0.1275,0.175,11
2309,M,0.47,0.375,0.13,0.5795,0.2145,0.16399999999999998,0.195,13
2310,F,0.435,0.35,0.11,0.384,0.14300000000000002,0.1005,0.125,13
2311,M,0.35,0.265,0.11,0.2965,0.1365,0.063,0.085,7
2312,I,0.315,0.24,0.07,0.13699999999999998,0.0545,0.0315,0.04,8
2313,M,0.595,0.47,0.145,0.991,0.4035,0.1505,0.34,16
2314,F,0.58,0.475,0.135,0.925,0.391,0.165,0.275,14
2315,M,0.575,0.435,0.15,0.805,0.293,0.1625,0.27,17
2316,M,0.535,0.435,0.155,0.8915,0.3415,0.177,0.25,13
2317,M,0.515,0.42,0.14,0.769,0.2505,0.154,0.29,13
2318,F,0.505,0.385,0.135,0.6185,0.251,0.1175,0.2,12
2319,F,0.505,0.395,0.145,0.6515,0.2695,0.153,0.205,15
2320,I,0.4,0.31,0.1,0.2875,0.1145,0.0635,0.095,10
2321,M,0.49,0.395,0.135,0.5545,0.213,0.0925,0.215,14
2322,M,0.53,0.435,0.135,0.7365,0.3275,0.1315,0.22,12
2323,I,0.395,0.325,0.105,0.306,0.111,0.0735,0.095,8
2324,F,0.665,0.535,0.19,1.496,0.5775,0.2815,0.475,17
2325,F,0.415,0.305,0.105,0.3605,0.12,0.08199999999999999,0.1,10
2326,M,0.43,0.345,0.115,0.3045,0.0925,0.055,0.12,11
2327,M,0.475,0.395,0.135,0.5920000000000001,0.2465,0.1645,0.2,13
2328,F,0.525,0.425,0.145,0.7995,0.3345,0.209,0.24,15
2329,I,0.48,0.39,0.145,0.5825,0.2315,0.121,0.255,15
2330,I,0.42,0.345,0.115,0.3435,0.1515,0.0795,0.115,9
2331,M,0.59,0.46,0.155,0.9059999999999999,0.327,0.1485,0.335,15
2332,F,0.515,0.42,0.135,0.6295,0.2815,0.127,0.215,9
2333,M,0.695,0.55,0.22,1.5515,0.5660000000000001,0.3835,0.445,13
2334,F,0.8,0.63,0.195,2.526,0.9329999999999999,0.59,0.62,23
2335,M,0.61,0.49,0.15,1.103,0.425,0.2025,0.36,23
2336,F,0.565,0.48,0.175,0.9570000000000001,0.3885,0.215,0.275,18
2337,M,0.56,0.455,0.165,0.86,0.4015,0.1695,0.245,11
2338,M,0.655,0.485,0.195,1.62,0.6275,0.358,0.485,17
2339,M,0.64,0.52,0.2,1.4069999999999998,0.5660000000000001,0.304,0.455,17
2340,F,0.59,0.47,0.17,0.9,0.355,0.1905,0.25,11
2341,I,0.31,0.24,0.09,0.1455,0.0605,0.0315,0.045,7
2342,I,0.255,0.185,0.07,0.075,0.027999999999999997,0.018000000000000002,0.025,6
2343,I,0.17,0.125,0.055,0.0235,0.009000000000000001,0.0055,0.008,6
2344,M,0.67,0.55,0.17,1.247,0.47200000000000003,0.2455,0.4,21
2345,F,0.71,0.565,0.195,1.7265,0.638,0.3365,0.565,17
2346,F,0.56,0.43,0.125,0.8025,0.313,0.1715,0.263,13
2347,M,0.505,0.4,0.13,0.764,0.3035,0.18899999999999997,0.2175,11
2348,M,0.525,0.43,0.165,0.8645,0.376,0.1945,0.2515,16
2349,F,0.45,0.36,0.105,0.4715,0.2035,0.0935,0.149,9
2350,F,0.515,0.435,0.17,0.631,0.2765,0.111,0.21600000000000003,12
2351,M,0.59,0.475,0.16,0.9455,0.3815,0.184,0.27,19
2352,M,0.7,0.53,0.19,1.3185,0.5479999999999999,0.233,0.42,18
2353,F,0.72,0.56,0.175,1.7265,0.637,0.3415,0.525,17
2354,M,0.635,0.495,0.15,1.081,0.4825,0.242,0.31,11
2355,M,0.555,0.44,0.135,0.9025,0.3805,0.2105,0.28,13
2356,M,0.575,0.47,0.15,1.1415,0.4515,0.204,0.4,13
2357,M,0.585,0.455,0.125,1.0270000000000001,0.391,0.212,0.25,17
2358,F,0.61,0.485,0.21,1.3445,0.535,0.2205,0.515,20
2359,F,0.645,0.525,0.2,1.449,0.601,0.2565,0.505,13
2360,F,0.545,0.44,0.175,0.7745,0.2985,0.1875,0.265,11
2361,M,0.55,0.45,0.155,0.7895,0.34299999999999997,0.159,0.25,12
2362,F,0.66,0.525,0.205,1.3665,0.5005,0.29100000000000004,0.41,18
2363,M,0.57,0.475,0.195,1.0295,0.4635,0.1905,0.305,18
2364,F,0.6,0.47,0.2,1.031,0.392,0.2035,0.29,15
2365,F,0.63,0.505,0.165,1.065,0.4595,0.21600000000000003,0.315,12
2366,M,0.695,0.57,0.23,1.885,0.8665,0.435,0.5,19
2367,M,0.65,0.545,0.16,1.2425,0.48700000000000004,0.29600000000000004,0.48,15
2368,F,0.72,0.595,0.225,1.969,0.8045,0.423,0.66,16
2369,I,0.56,0.44,0.17,0.9445,0.3545,0.2175,0.3,12
2370,I,0.42,0.325,0.115,0.354,0.1625,0.064,0.105,8
2371,M,0.18,0.125,0.05,0.023,0.0085,0.0055,0.01,3
2372,F,0.405,0.325,0.11,0.3575,0.145,0.0725,0.11,12
2373,F,0.5,0.405,0.15,0.5965,0.253,0.126,0.185,12
2374,I,0.435,0.335,0.11,0.38299999999999995,0.1555,0.0675,0.135,12
2375,M,0.34,0.275,0.09,0.2065,0.0725,0.043,0.07,10
2376,F,0.43,0.34,0.11,0.382,0.154,0.0955,0.109,8
2377,I,0.535,0.41,0.155,0.6315,0.2745,0.1415,0.1815,12
2378,I,0.415,0.325,0.115,0.3285,0.1405,0.051,0.106,12
2379,F,0.36,0.265,0.09,0.2165,0.096,0.037000000000000005,0.0735,10
2380,M,0.175,0.135,0.04,0.0305,0.011000000000000001,0.0075,0.01,5
2381,M,0.155,0.115,0.025,0.024,0.009000000000000001,0.005,0.0075,5
2382,I,0.525,0.43,0.15,0.7365,0.3225,0.161,0.215,11
2383,F,0.525,0.39,0.135,0.6005,0.2265,0.131,0.21,16
2384,F,0.44,0.345,0.105,0.4285,0.165,0.083,0.132,11
2385,F,0.45,0.345,0.115,0.496,0.1905,0.11699999999999999,0.14,12
2386,F,0.485,0.365,0.14,0.6195,0.2595,0.1445,0.177,14
2387,I,0.47,0.35,0.135,0.5670000000000001,0.2315,0.1465,0.1525,11
2388,I,0.515,0.375,0.14,0.6505,0.2495,0.141,0.2215,10
2389,M,0.42,0.34,0.125,0.4495,0.165,0.1125,0.14400000000000002,11
2390,F,0.455,0.35,0.125,0.4485,0.1585,0.102,0.1335,16
2391,M,0.37,0.29,0.09,0.24100000000000002,0.11,0.045,0.069,10
2392,M,0.33,0.25,0.09,0.19699999999999998,0.085,0.040999999999999995,0.0605,10
2393,I,0.3,0.22,0.09,0.1425,0.057,0.0335,0.043,7
2394,I,0.625,0.46,0.16,1.2395,0.55,0.273,0.38,14
2395,I,0.61,0.475,0.17,1.0385,0.4435,0.24100000000000002,0.32,14
2396,I,0.625,0.465,0.155,0.972,0.40399999999999997,0.1845,0.35,14
2397,I,0.635,0.505,0.19,1.3315,0.5805,0.252,0.435,17
2398,I,0.5,0.385,0.155,0.762,0.3795,0.161,0.19,14
2399,F,0.53,0.43,0.17,0.775,0.35,0.152,0.235,17
2400,I,0.445,0.33,0.1,0.43700000000000006,0.163,0.0755,0.17,13
2401,F,0.585,0.415,0.155,0.6985,0.3,0.146,0.195,12
2402,I,0.44,0.355,0.165,0.435,0.159,0.105,0.14,16
2403,M,0.29,0.225,0.08,0.1295,0.0535,0.026000000000000002,0.045,10
2404,I,0.555,0.455,0.17,0.8435,0.309,0.1905,0.3,15
2405,I,0.655,0.515,0.145,1.25,0.5265,0.28300000000000003,0.315,15
2406,F,0.58,0.46,0.185,1.0170000000000001,0.3515,0.2,0.32,10
2407,I,0.625,0.43,0.175,1.411,0.5720000000000001,0.297,0.395,12
2408,I,0.62,0.485,0.17,1.208,0.4805,0.3045,0.33,15
2409,F,0.64,0.5,0.15,1.0705,0.371,0.2705,0.36,8
2410,F,0.505,0.375,0.115,0.5895,0.2635,0.12,0.16699999999999998,10
2411,I,0.5,0.395,0.12,0.537,0.2165,0.1085,0.1785,9
2412,M,0.31,0.245,0.095,0.15,0.0525,0.034,0.048,7
2413,F,0.505,0.38,0.145,0.6509999999999999,0.2935,0.19,0.17,12
2414,I,0.42,0.305,0.11,0.28,0.094,0.0785,0.0955,9
2415,M,0.4,0.315,0.105,0.287,0.1135,0.037000000000000005,0.113,10
2416,M,0.425,0.315,0.125,0.3525,0.1135,0.0565,0.13,18
2417,M,0.31,0.235,0.06,0.12,0.0415,0.033,0.04,11
2418,F,0.465,0.35,0.13,0.494,0.1945,0.10300000000000001,0.155,18
2419,F,0.465,0.36,0.12,0.4765,0.192,0.1125,0.16,10
2420,M,0.35,0.255,0.085,0.2145,0.1,0.0465,0.06,13
2421,I,0.52,0.415,0.16,0.595,0.2105,0.142,0.26,15
2422,F,0.475,0.365,0.13,0.4805,0.1905,0.114,0.1475,12
2423,F,0.41,0.315,0.11,0.321,0.1255,0.0655,0.095,10
2424,M,0.26,0.2,0.065,0.096,0.044000000000000004,0.027000000000000003,0.03,6
2425,I,0.575,0.45,0.17,0.9315,0.358,0.2145,0.26,13
2426,I,0.565,0.435,0.155,0.782,0.2715,0.168,0.285,14
2427,M,0.26,0.19,0.075,0.0945,0.0445,0.02,0.03,6
2428,F,0.53,0.385,0.125,0.6695,0.289,0.151,0.18,10
2429,M,0.34,0.255,0.095,0.213,0.081,0.034,0.07,9
2430,I,0.52,0.38,0.14,0.525,0.1775,0.115,0.185,11
2431,F,0.635,0.5,0.18,1.3119999999999998,0.529,0.2485,0.485,18
2432,F,0.61,0.485,0.165,1.087,0.4255,0.23199999999999998,0.38,11
2433,F,0.66,0.515,0.18,1.5230000000000001,0.54,0.3365,0.555,16
2434,I,0.635,0.5,0.18,1.319,0.5485,0.292,0.49,16
2435,F,0.465,0.38,0.135,0.579,0.20800000000000002,0.1095,0.22,14
2436,M,0.515,0.4,0.16,0.8175,0.2515,0.156,0.3,23
2437,I,0.335,0.24,0.095,0.17,0.062,0.039,0.055,9
2438,F,0.515,0.4,0.17,0.7959999999999999,0.258,0.1755,0.28,16
2439,F,0.345,0.255,0.1,0.19699999999999998,0.071,0.051,0.06,9
2440,M,0.465,0.355,0.125,0.5255,0.2025,0.135,0.145,13
2441,M,0.54,0.415,0.17,0.879,0.33899999999999997,0.20800000000000002,0.255,10
2442,M,0.475,0.355,0.125,0.4625,0.18600000000000003,0.107,0.145,9
2443,F,0.445,0.335,0.14,0.4565,0.1785,0.114,0.14,11
2444,M,0.5,0.355,0.14,0.528,0.2125,0.149,0.14,9
2445,M,0.5,0.38,0.135,0.5835,0.2295,0.1265,0.18,12
2446,F,0.55,0.435,0.17,0.884,0.2875,0.1645,0.28,14
2447,I,0.275,0.205,0.08,0.096,0.036000000000000004,0.0185,0.03,6
2448,F,0.35,0.265,0.09,0.1855,0.0745,0.0415,0.06,7
2449,F,0.37,0.285,0.105,0.27,0.1125,0.0585,0.0835,9
2450,F,0.42,0.33,0.125,0.46299999999999997,0.18600000000000003,0.11,0.145,10
2451,M,0.35,0.26,0.09,0.198,0.0725,0.055999999999999994,0.06,10
2452,M,0.395,0.305,0.105,0.282,0.0975,0.065,0.096,9
2453,I,0.325,0.2,0.08,0.0995,0.0395,0.0225,0.032,8
2454,I,0.275,0.2,0.065,0.092,0.0385,0.0235,0.027000000000000003,5
2455,I,0.235,0.17,0.065,0.0625,0.023,0.013999999999999999,0.022000000000000002,6
2456,I,0.25,0.18,0.06,0.073,0.027999999999999997,0.017,0.0225,5
2457,I,0.25,0.185,0.065,0.071,0.027000000000000003,0.0185,0.0225,5
2458,I,0.2,0.145,0.05,0.036000000000000004,0.0125,0.008,0.011000000000000001,4
2459,F,0.585,0.47,0.17,1.099,0.3975,0.2325,0.358,20
2460,M,0.445,0.35,0.14,0.5905,0.2025,0.158,0.19,14
2461,F,0.5,0.385,0.13,0.768,0.2625,0.095,0.27,13
2462,M,0.44,0.325,0.08,0.413,0.14400000000000002,0.1015,0.13,8
2463,M,0.515,0.405,0.14,0.8505,0.312,0.146,0.315,17
2464,F,0.52,0.405,0.14,0.6915,0.276,0.13699999999999998,0.215,11
2465,M,0.5,0.39,0.13,0.7090000000000001,0.275,0.168,0.18,11
2466,M,0.425,0.325,0.12,0.3755,0.142,0.1065,0.105,9
2467,M,0.51,0.415,0.14,0.8185,0.3025,0.2155,0.235,16
2468,F,0.37,0.275,0.08,0.22699999999999998,0.09300000000000001,0.0625,0.07,8
2469,M,0.54,0.415,0.13,0.8245,0.272,0.226,0.24,13
2470,M,0.615,0.475,0.17,1.1825,0.474,0.2895,0.24,11
2471,M,0.565,0.44,0.175,1.122,0.39299999999999996,0.2,0.375,20
2472,M,0.645,0.515,0.175,1.6115,0.6745,0.384,0.385,14
2473,F,0.615,0.47,0.175,1.2985,0.5135,0.34299999999999997,0.32,14
2474,M,0.605,0.49,0.145,1.3,0.517,0.3285,0.31,14
2475,F,0.59,0.455,0.165,1.161,0.38,0.2455,0.28,12
2476,M,0.645,0.485,0.155,1.489,0.5915,0.312,0.38,18
2477,M,0.57,0.42,0.155,1.008,0.377,0.193,0.34,13
2478,F,0.47,0.355,0.18,0.441,0.1525,0.1165,0.135,8
2479,F,0.5,0.44,0.155,0.742,0.2025,0.2005,0.2115,14
2480,F,0.52,0.425,0.145,0.7,0.207,0.1905,0.24,13
2481,M,0.39,0.285,0.095,0.271,0.11,0.06,0.08,8
2482,M,0.52,0.4,0.165,0.8565,0.2745,0.201,0.21,12
2483,F,0.54,0.415,0.175,0.8975,0.275,0.24100000000000002,0.275,14
2484,M,0.46,0.36,0.135,0.6105,0.1955,0.107,0.235,14
2485,I,0.355,0.26,0.09,0.1925,0.077,0.038,0.065,8
2486,F,0.49,0.4,0.145,0.6635,0.21,0.1295,0.2515,13
2487,F,0.63,0.51,0.185,1.235,0.5115,0.349,0.3065,11
2488,M,0.5,0.385,0.145,0.7615,0.24600000000000002,0.195,0.204,14
2489,M,0.49,0.39,0.135,0.5920000000000001,0.242,0.096,0.1835,15
2490,M,0.44,0.325,0.115,0.39,0.163,0.087,0.113,7
2491,F,0.515,0.395,0.165,0.7565,0.1905,0.17,0.3205,10
2492,F,0.475,0.38,0.145,0.57,0.16699999999999998,0.11800000000000001,0.187,11
2493,I,0.42,0.31,0.1,0.2865,0.115,0.0735,0.085,8
2494,M,0.4,0.305,0.13,0.2935,0.096,0.0675,0.105,9
2495,M,0.45,0.36,0.16,0.5670000000000001,0.174,0.1245,0.225,12
2496,F,0.52,0.4,0.13,0.6245,0.215,0.2065,0.17,15
2497,M,0.505,0.4,0.155,0.8415,0.2715,0.1775,0.285,12
2498,M,0.495,0.4,0.14,0.7775,0.2015,0.18,0.25,15
2499,M,0.54,0.41,0.145,0.9890000000000001,0.2815,0.213,0.355,19
2500,F,0.48,0.39,0.125,0.6905,0.21899999999999997,0.155,0.2,12
2501,F,0.33,0.26,0.08,0.2,0.0625,0.05,0.07,9
2502,I,0.285,0.21,0.07,0.109,0.044000000000000004,0.0265,0.033,5
2503,I,0.3,0.23,0.075,0.127,0.052000000000000005,0.03,0.0345,6
2504,I,0.31,0.24,0.105,0.2885,0.11800000000000001,0.065,0.083,6
2505,I,0.34,0.255,0.075,0.18,0.0745,0.04,0.0525,6
2506,I,0.375,0.3,0.075,0.14400000000000002,0.059000000000000004,0.03,0.044000000000000004,7
2507,I,0.415,0.325,0.1,0.4665,0.2285,0.1065,0.114,7
2508,I,0.415,0.315,0.105,0.33,0.1405,0.0705,0.095,6
2509,I,0.415,0.315,0.09,0.3625,0.175,0.0835,0.09300000000000001,6
2510,I,0.42,0.32,0.1,0.34,0.1745,0.05,0.0945,8
2511,I,0.425,0.31,0.105,0.365,0.159,0.0825,0.105,6
2512,M,0.465,0.375,0.11,0.5,0.21,0.113,0.1505,8
2513,F,0.465,0.35,0.135,0.6265,0.259,0.1445,0.175,8
2514,I,0.47,0.37,0.11,0.5555,0.25,0.115,0.163,8
2515,F,0.47,0.375,0.12,0.6015,0.2765,0.1455,0.135,8
2516,I,0.475,0.365,0.12,0.53,0.2505,0.0975,0.1625,10
2517,M,0.48,0.37,0.135,0.6315,0.3445,0.1015,0.161,7
2518,M,0.5,0.4,0.13,0.7715,0.37,0.16,0.21100000000000002,8
2519,I,0.505,0.39,0.185,0.6125,0.267,0.142,0.172,7
2520,M,0.525,0.425,0.19,0.872,0.4625,0.1725,0.19899999999999998,9
2521,M,0.54,0.42,0.12,0.8115,0.392,0.1455,0.2235,9
2522,M,0.545,0.45,0.15,0.8795,0.387,0.15,0.2625,11
2523,F,0.565,0.44,0.15,0.983,0.4475,0.2355,0.2485,9
2524,M,0.58,0.46,0.18,1.145,0.48,0.27699999999999997,0.325,11
2525,M,0.59,0.455,0.16,1.09,0.5,0.2215,0.292,9
2526,M,0.59,0.48,0.16,1.262,0.5685,0.2725,0.335,9
2527,M,0.595,0.49,0.185,1.185,0.48200000000000004,0.2015,0.361,10
2528,F,0.6,0.475,0.135,1.4405,0.5885,0.191,0.3175,9
2529,F,0.6,0.5,0.155,1.3319999999999999,0.6235,0.2835,0.35,8
2530,F,0.6,0.485,0.165,1.1405,0.5870000000000001,0.2175,0.28800000000000003,9
2531,M,0.605,0.475,0.175,1.2009999999999998,0.5395,0.275,0.309,10
2532,F,0.625,0.49,0.155,1.33,0.6675,0.259,0.33,10
2533,M,0.63,0.5,0.185,1.3619999999999999,0.5785,0.3125,0.384,10
2534,M,0.64,0.585,0.195,1.6469999999999998,0.7225,0.331,0.47100000000000003,12
2535,F,0.64,0.5,0.18,1.4995,0.593,0.314,0.431,11
2536,F,0.655,0.545,0.165,1.6225,0.6555,0.299,0.513,12
2537,I,0.66,0.525,0.215,1.786,0.6725,0.3615,0.4065,11
2538,M,0.66,0.535,0.2,1.791,0.733,0.318,0.54,15
2539,F,0.675,0.555,0.205,1.925,0.713,0.358,0.4535,13
2540,F,0.675,0.55,0.175,1.689,0.6940000000000001,0.371,0.474,13
2541,F,0.69,0.55,0.18,1.659,0.8715,0.2655,0.4395,9
2542,F,0.695,0.53,0.2,2.0475,0.75,0.4195,0.6095,14
2543,F,0.7,0.525,0.19,1.6015,0.7070000000000001,0.365,0.43,10
2544,F,0.73,0.57,0.165,2.0165,1.0685,0.418,0.435,10
2545,I,0.205,0.15,0.065,0.04,0.02,0.011000000000000001,0.013000000000000001,4
2546,I,0.225,0.17,0.07,0.0565,0.024,0.013000000000000001,0.016,4
2547,I,0.23,0.18,0.05,0.064,0.0215,0.0135,0.02,5
2548,I,0.275,0.195,0.07,0.0875,0.0345,0.022000000000000002,0.0255,4
2549,I,0.28,0.21,0.055,0.106,0.0415,0.0265,0.031,5
2550,I,0.28,0.22,0.08,0.1315,0.066,0.024,0.03,5
2551,I,0.295,0.22,0.07,0.126,0.0515,0.0275,0.035,6
2552,I,0.31,0.225,0.075,0.155,0.065,0.037000000000000005,0.0365,6
2553,I,0.315,0.235,0.07,0.149,0.057999999999999996,0.0325,0.047,7
2554,I,0.34,0.265,0.07,0.185,0.0625,0.0395,0.07,7
2555,I,0.37,0.29,0.08,0.2545,0.10800000000000001,0.0565,0.07,6
2556,I,0.38,0.285,0.085,0.237,0.115,0.0405,0.07,6
2557,I,0.39,0.295,0.1,0.27899999999999997,0.1155,0.059000000000000004,0.08,7
2558,I,0.405,0.31,0.065,0.3205,0.1575,0.066,0.08800000000000001,6
2559,I,0.415,0.325,0.1,0.3335,0.1445,0.0715,0.095,7
2560,I,0.44,0.335,0.11,0.3885,0.175,0.0835,0.111,7
2561,I,0.44,0.345,0.115,0.545,0.26899999999999996,0.111,0.1305,6
2562,I,0.44,0.325,0.1,0.4165,0.185,0.0865,0.11,6
2563,I,0.44,0.355,0.12,0.495,0.231,0.11,0.125,7
2564,I,0.45,0.35,0.125,0.4775,0.2235,0.08900000000000001,0.11800000000000001,6
2565,I,0.45,0.35,0.12,0.46799999999999997,0.2005,0.1065,0.1325,8
2566,F,0.455,0.35,0.12,0.4555,0.1945,0.1045,0.1375,7
2567,F,0.46,0.35,0.115,0.46,0.2025,0.1115,0.1165,6
2568,I,0.46,0.345,0.12,0.4155,0.198,0.0885,0.107,7
2569,I,0.46,0.345,0.115,0.4215,0.1895,0.102,0.111,6
2570,I,0.465,0.355,0.11,0.474,0.23,0.1005,0.12,7
2571,M,0.465,0.34,0.105,0.486,0.231,0.1035,0.1225,9
2572,I,0.475,0.385,0.11,0.5735,0.311,0.1025,0.136,7
2573,I,0.475,0.355,0.105,0.46799999999999997,0.201,0.1115,0.12,8
2574,M,0.48,0.37,0.1,0.5135,0.243,0.1015,0.135,8
2575,M,0.5,0.375,0.145,0.6215,0.27399999999999997,0.166,0.1485,7
2576,I,0.5,0.38,0.11,0.494,0.218,0.09,0.1325,7
2577,I,0.505,0.385,0.12,0.6005,0.239,0.142,0.185,7
2578,M,0.515,0.395,0.12,0.6459999999999999,0.285,0.1365,0.172,9
2579,M,0.525,0.415,0.135,0.7945,0.39399999999999996,0.18899999999999997,0.20199999999999999,7
2580,M,0.525,0.425,0.125,0.812,0.4035,0.1705,0.195,8
2581,F,0.53,0.42,0.17,0.828,0.41,0.20800000000000002,0.1505,6
2582,M,0.53,0.41,0.14,0.6809999999999999,0.3095,0.1415,0.1835,6
2583,F,0.53,0.405,0.15,0.889,0.4055,0.2275,0.215,8
2584,M,0.54,0.435,0.14,0.7345,0.33,0.1595,0.213,9
2585,F,0.55,0.425,0.125,0.9640000000000001,0.5475,0.159,0.215,8
2586,F,0.555,0.425,0.14,0.963,0.44,0.22399999999999998,0.24,7
2587,F,0.57,0.445,0.15,0.995,0.504,0.185,0.2505,9
2588,F,0.57,0.435,0.14,0.8585,0.3905,0.196,0.2295,8
2589,M,0.575,0.45,0.155,0.948,0.429,0.20600000000000002,0.259,7
2590,F,0.58,0.445,0.145,0.888,0.41,0.1815,0.2425,8
2591,F,0.585,0.45,0.16,0.9045,0.405,0.2215,0.2335,8
2592,M,0.59,0.465,0.14,1.046,0.4695,0.263,0.263,7
2593,F,0.595,0.47,0.155,1.1775,0.542,0.26899999999999996,0.31,9
2594,F,0.595,0.465,0.15,1.0765,0.491,0.22,0.287,9
2595,F,0.595,0.465,0.15,1.0255,0.41200000000000003,0.2745,0.289,11
2596,F,0.6,0.46,0.145,0.9325,0.3985,0.2245,0.248,8
2597,F,0.6,0.46,0.15,1.235,0.6025,0.27399999999999997,0.29,8
2598,M,0.6,0.46,0.15,1.247,0.5335,0.2735,0.29,9
2599,M,0.61,0.48,0.15,1.1495,0.564,0.27399999999999997,0.264,8
2600,F,0.615,0.485,0.16,1.1575,0.5005,0.2495,0.315,10
2601,F,0.615,0.5,0.165,1.327,0.6,0.3015,0.355,10
2602,M,0.615,0.47,0.155,1.2,0.5085,0.32,0.292,8
2603,F,0.62,0.51,0.175,1.2705,0.5415,0.32299999999999995,0.3225,9
2604,F,0.62,0.485,0.175,1.2155,0.545,0.253,0.345,10
2605,F,0.62,0.475,0.16,1.3245,0.6865,0.233,0.3275,9
2606,M,0.625,0.48,0.17,1.3555,0.6709999999999999,0.268,0.3385,10
2607,F,0.625,0.49,0.165,1.127,0.47700000000000004,0.2365,0.3185,9
2608,F,0.625,0.49,0.175,1.1075,0.4485,0.2165,0.3595,8
2609,F,0.63,0.495,0.2,1.4255,0.659,0.336,0.38,11
2610,F,0.63,0.495,0.145,1.147,0.5455,0.266,0.2885,9
2611,M,0.63,0.48,0.165,1.286,0.604,0.271,0.35,8
2612,F,0.635,0.495,0.18,1.5959999999999999,0.617,0.317,0.37,11
2613,F,0.635,0.495,0.195,1.297,0.556,0.2985,0.37,11
2614,M,0.645,0.49,0.16,1.251,0.5355,0.3345,0.3165,9
2615,M,0.645,0.5,0.175,1.5105,0.6735,0.3755,0.3775,12
2616,F,0.65,0.5,0.185,1.4415,0.741,0.2955,0.341,9
2617,M,0.67,0.52,0.19,1.6385,0.8115,0.369,0.391,9
2618,F,0.69,0.545,0.205,1.933,0.7855,0.429,0.498,13
2619,M,0.69,0.54,0.185,1.71,0.7725,0.3855,0.4325,8
2620,F,0.695,0.55,0.155,1.8495,0.767,0.442,0.4175,10
2621,M,0.695,0.525,0.175,1.742,0.696,0.389,0.505,12
2622,F,0.7,0.575,0.205,1.7975,0.7295,0.3935,0.5165,13
2623,F,0.705,0.56,0.205,2.381,0.9915,0.5005,0.624,10
2624,M,0.765,0.585,0.18,2.398,1.128,0.512,0.5335,12
2625,M,0.77,0.6,0.215,2.1945,1.0515,0.48200000000000004,0.584,10
2626,I,0.22,0.16,0.05,0.049,0.0215,0.01,0.015,4
2627,I,0.275,0.205,0.07,0.1055,0.495,0.019,0.0315,5
2628,I,0.29,0.21,0.06,0.1045,0.0415,0.022000000000000002,0.035,5
2629,I,0.33,0.24,0.075,0.163,0.0745,0.033,0.048,6
2630,I,0.355,0.285,0.095,0.2275,0.0955,0.0475,0.0715,6
2631,I,0.375,0.29,0.1,0.21899999999999997,0.0925,0.038,0.075,6
2632,I,0.415,0.315,0.1,0.3645,0.1765,0.0795,0.095,8
2633,I,0.425,0.33,0.115,0.3265,0.1315,0.077,0.10300000000000001,6
2634,I,0.425,0.34,0.1,0.3515,0.1625,0.08199999999999999,0.094,7
2635,I,0.43,0.32,0.1,0.3465,0.1635,0.08,0.09,7
2636,I,0.44,0.34,0.1,0.40700000000000003,0.209,0.0735,0.10300000000000001,7
2637,I,0.44,0.335,0.115,0.4215,0.17300000000000001,0.0765,0.113,7
2638,I,0.46,0.345,0.11,0.3755,0.1525,0.057999999999999996,0.125,7
2639,I,0.46,0.37,0.12,0.5335,0.2645,0.10800000000000001,0.1345,6
2640,I,0.465,0.355,0.105,0.442,0.2085,0.0975,0.1185,7
2641,I,0.475,0.365,0.1,0.1315,0.2025,0.0875,0.12300000000000001,7
2642,I,0.475,0.375,0.115,0.5205,0.233,0.11900000000000001,0.1455,7
2643,I,0.485,0.375,0.13,0.5535,0.266,0.11199999999999999,0.157,8
2644,I,0.49,0.375,0.125,0.5445,0.27899999999999997,0.115,0.13,8
2645,M,0.49,0.38,0.11,0.5539999999999999,0.2935,0.1005,0.15,8
2646,I,0.495,0.38,0.12,0.512,0.233,0.1205,0.136,7
2647,I,0.5,0.39,0.125,0.583,0.294,0.132,0.1605,8
2648,M,0.5,0.38,0.12,0.5765,0.273,0.135,0.145,9
2649,M,0.505,0.4,0.135,0.723,0.377,0.149,0.17800000000000002,7
2650,I,0.51,0.395,0.155,0.5395,0.2465,0.1085,0.16699999999999998,8
2651,I,0.51,0.385,0.15,0.625,0.3095,0.11900000000000001,0.1725,8
2652,I,0.515,0.4,0.125,0.5925,0.265,0.1175,0.168,9
2653,I,0.52,0.395,0.135,0.633,0.2985,0.1295,0.175,9
2654,F,0.545,0.43,0.14,0.8320000000000001,0.4355,0.17,0.201,9
2655,M,0.545,0.42,0.145,0.778,0.3745,0.1545,0.205,7
2656,M,0.545,0.42,0.12,0.7865,0.40299999999999997,0.185,0.17,7
2657,F,0.545,0.4,0.14,0.778,0.368,0.215,0.18,9
2658,I,0.55,0.42,0.13,0.636,0.294,0.14400000000000002,0.1755,8
2659,F,0.55,0.44,0.135,0.8435,0.434,0.1995,0.185,8
2660,I,0.555,0.425,0.13,0.648,0.2835,0.133,0.2105,8
2661,M,0.565,0.43,0.13,0.784,0.3495,0.1885,0.213,9
2662,F,0.57,0.45,0.18,0.9079999999999999,0.4015,0.217,0.255,9
2663,M,0.57,0.45,0.135,1.02,0.546,0.204,0.25,9
2664,F,0.57,0.43,0.16,0.8109999999999999,0.3875,0.159,0.2285,9
2665,F,0.575,0.48,0.15,0.897,0.4235,0.1905,0.248,8
2666,M,0.58,0.455,0.13,0.852,0.41,0.1725,0.225,8
2667,F,0.585,0.45,0.15,0.938,0.467,0.203,0.225,7
2668,F,0.585,0.435,0.14,0.6955,0.3085,0.129,0.2245,8
2669,M,0.59,0.47,0.15,0.861,0.413,0.16399999999999998,0.249,8
2670,M,0.59,0.46,0.14,1.004,0.496,0.2165,0.26,9
2671,F,0.59,0.46,0.16,1.0115,0.445,0.2615,0.2565,8
2672,F,0.595,0.465,0.15,1.1005,0.5415,0.166,0.265,8
2673,M,0.595,0.47,0.165,1.1079999999999999,0.4915,0.2325,0.3345,9
2674,M,0.595,0.46,0.14,0.852,0.4215,0.2255,0.22699999999999998,9
2675,M,0.6,0.49,0.21,1.9875,1.005,0.419,0.491,10
2676,F,0.605,0.48,0.15,1.079,0.4505,0.2835,0.293,10
2677,F,0.615,0.475,0.17,1.055,0.5429999999999999,0.24600000000000002,0.2345,9
2678,M,0.615,0.45,0.15,1.198,0.7070000000000001,0.2095,0.2505,7
2679,F,0.615,0.47,0.155,1.084,0.5885,0.209,0.24600000000000002,9
2680,M,0.615,0.475,0.175,1.103,0.4635,0.3095,0.2725,10
2681,M,0.62,0.49,0.155,1.1,0.505,0.2475,0.31,9
2682,M,0.62,0.48,0.15,1.1015,0.4965,0.243,0.305,10
2683,M,0.625,0.495,0.185,1.3835,0.7105,0.3005,0.345,11
2684,F,0.625,0.49,0.155,1.115,0.484,0.27699999999999997,0.3095,9
2685,M,0.625,0.48,0.145,1.085,0.4645,0.2445,0.327,10
2686,M,0.63,0.505,0.15,1.3165,0.6325,0.2465,0.37,11
2687,M,0.63,0.51,0.175,1.3415,0.6575,0.262,0.375,10
2688,M,0.63,0.465,0.15,1.0270000000000001,0.537,0.188,0.17600000000000002,8
2689,M,0.645,0.515,0.16,1.1845,0.506,0.311,0.335,9
2690,M,0.645,0.48,0.15,1.192,0.6055,0.2595,0.285,9
2691,F,0.645,0.52,0.18,1.285,0.5775,0.35200000000000004,0.317,9
2692,M,0.65,0.515,0.125,1.1805,0.5235,0.28300000000000003,0.3275,9
2693,M,0.65,0.52,0.175,1.2655,0.615,0.2775,0.336,9
2694,F,0.65,0.535,0.175,1.2895,0.6095,0.2765,0.344,10
2695,M,0.65,0.51,0.155,1.4069999999999998,0.7215,0.298,0.335,9
2696,F,0.65,0.49,0.155,1.122,0.545,0.228,0.3055,9
2697,M,0.66,0.515,0.165,1.4465,0.6940000000000001,0.298,0.3755,10
2698,F,0.665,0.505,0.165,1.349,0.5985,0.3175,0.36,9
2699,M,0.67,0.5,0.2,1.2690000000000001,0.5760000000000001,0.2985,0.35100000000000003,11
2700,M,0.67,0.51,0.18,1.68,0.9259999999999999,0.2975,0.3935,13
2701,F,0.675,0.55,0.19,1.551,0.7105,0.3685,0.41200000000000003,13
2702,M,0.68,0.52,0.165,1.4775,0.7240000000000001,0.27899999999999997,0.406,11
2703,M,0.68,0.53,0.18,1.5290000000000001,0.7635,0.3115,0.4025,11
2704,M,0.7,0.525,0.175,1.7585,0.8745,0.3615,0.47,10
2705,M,0.7,0.55,0.2,1.5230000000000001,0.693,0.306,0.4405,13
2706,F,0.725,0.53,0.19,1.7315,0.83,0.39799999999999996,0.405,11
2707,M,0.725,0.55,0.2,1.51,0.8735,0.4265,0.5085,9
2708,M,0.735,0.57,0.175,1.88,0.9095,0.387,0.488,11
2709,F,0.74,0.575,0.22,2.012,0.8915,0.5265,0.47100000000000003,12
2710,M,0.75,0.555,0.215,2.201,1.0615,0.5235,0.5285,11
2711,I,0.19,0.14,0.03,0.0315,0.0125,0.005,0.0105,3
2712,I,0.21,0.15,0.045,0.04,0.0135,0.008,0.0105,4
2713,I,0.25,0.175,0.06,0.0635,0.0275,0.008,0.02,4
2714,I,0.29,0.215,0.065,0.0985,0.0425,0.021,0.031,5
2715,I,0.335,0.25,0.08,0.16699999999999998,0.0675,0.0325,0.0575,6
2716,I,0.34,0.245,0.085,0.2015,0.1005,0.038,0.053,6
2717,I,0.345,0.255,0.095,0.183,0.075,0.0385,0.06,6
2718,I,0.355,0.255,0.08,0.187,0.078,0.0505,0.057999999999999996,7
2719,I,0.36,0.26,0.08,0.1795,0.07400000000000001,0.0315,0.06,5
2720,I,0.37,0.275,0.09,0.2065,0.096,0.0395,0.057999999999999996,7
2721,I,0.375,0.29,0.14,0.3,0.14,0.0625,0.0825,8
2722,I,0.375,0.275,0.095,0.2295,0.095,0.0545,0.066,7
2723,I,0.385,0.3,0.125,0.34299999999999997,0.1705,0.0735,0.081,7
2724,I,0.385,0.285,0.085,0.244,0.1215,0.0445,0.068,8
2725,I,0.395,0.32,0.1,0.3075,0.149,0.0535,0.09,8
2726,I,0.4,0.305,0.1,0.3415,0.17600000000000002,0.0625,0.0865,7
2727,I,0.405,0.305,0.1,0.271,0.0965,0.061,0.091,7
2728,I,0.405,0.31,0.11,0.91,0.41600000000000004,0.2075,0.0995,8
2729,I,0.405,0.305,0.1,0.268,0.1145,0.053,0.085,7
2730,I,0.405,0.3,0.09,0.2885,0.138,0.0635,0.0765,6
2731,I,0.41,0.315,0.1,0.3,0.124,0.0575,0.1,8
2732,I,0.41,0.325,0.11,0.326,0.1325,0.075,0.10099999999999999,8
2733,I,0.415,0.335,0.1,0.358,0.16899999999999998,0.067,0.105,7
2734,I,0.42,0.325,0.115,0.314,0.1295,0.0635,0.1,8
2735,I,0.42,0.315,0.11,0.4025,0.1855,0.083,0.1015,8
2736,I,0.43,0.34,0.11,0.3645,0.159,0.0855,0.105,7
2737,I,0.445,0.36,0.11,0.4235,0.182,0.0765,0.14,9
2738,M,0.45,0.325,0.115,0.4305,0.2235,0.0785,0.1155,8
2739,I,0.45,0.335,0.095,0.3505,0.1615,0.0625,0.1185,7
2740,I,0.455,0.34,0.115,0.486,0.261,0.0655,0.1315,8
2741,I,0.46,0.35,0.1,0.47100000000000003,0.252,0.077,0.12300000000000001,8
2742,I,0.46,0.345,0.105,0.415,0.187,0.087,0.11,8
2743,I,0.475,0.355,0.115,0.5195,0.27899999999999997,0.08800000000000001,0.1325,7
2744,M,0.48,0.375,0.12,0.5895,0.2535,0.128,0.172,11
2745,I,0.485,0.38,0.125,0.5215,0.2215,0.11800000000000001,0.16,8
2746,I,0.485,0.365,0.14,0.4475,0.1895,0.0925,0.2305,8
2747,I,0.49,0.365,0.125,0.5585,0.252,0.126,0.1615,10
2748,I,0.505,0.385,0.125,0.596,0.245,0.09699999999999999,0.21,9
2749,I,0.505,0.38,0.135,0.5385,0.2645,0.095,0.165,9
2750,I,0.51,0.385,0.145,0.7665,0.3985,0.14,0.1805,8
2751,F,0.515,0.395,0.135,0.516,0.2015,0.132,0.162,9
2752,M,0.515,0.41,0.14,0.7355,0.3065,0.13699999999999998,0.2,7
2753,I,0.515,0.39,0.11,0.531,0.2415,0.098,0.1615,8
2754,I,0.525,0.385,0.13,0.607,0.2355,0.125,0.195,8
2755,F,0.525,0.415,0.15,0.7055,0.32899999999999996,0.147,0.19899999999999998,10
2756,I,0.525,0.4,0.13,0.6445,0.345,0.1285,0.2,8
2757,I,0.525,0.375,0.12,0.6315,0.3045,0.114,0.19,9
2758,M,0.535,0.43,0.155,0.7845,0.3285,0.16899999999999998,0.245,10
2759,F,0.545,0.44,0.15,0.9475,0.366,0.239,0.275,8
2760,I,0.55,0.43,0.145,0.7120000000000001,0.3025,0.152,0.225,10
2761,I,0.55,0.425,0.145,0.89,0.4325,0.171,0.23600000000000002,10
2762,I,0.55,0.42,0.155,0.912,0.495,0.1805,0.205,9
2763,I,0.55,0.425,0.135,0.6559999999999999,0.257,0.17,0.203,10
2764,I,0.55,0.465,0.15,0.9359999999999999,0.48100000000000004,0.174,0.2435,9
2765,I,0.555,0.435,0.145,0.6975,0.262,0.1575,0.24,11
2766,F,0.555,0.445,0.175,1.1465,0.551,0.244,0.2785,8
2767,I,0.56,0.44,0.14,0.825,0.402,0.139,0.245,10
2768,I,0.56,0.435,0.135,0.72,0.32899999999999996,0.10300000000000001,0.251,11
2769,I,0.565,0.43,0.15,0.8215,0.332,0.1685,0.29,11
2770,F,0.57,0.445,0.155,1.0170000000000001,0.5265,0.2025,0.265,10
2771,F,0.575,0.435,0.155,0.8975,0.4115,0.2325,0.23,9
2772,M,0.58,0.44,0.175,1.2255,0.5405,0.2705,0.3265,10
2773,F,0.58,0.465,0.145,0.9865,0.47,0.2155,0.25,11
2774,F,0.58,0.425,0.15,0.8440000000000001,0.3645,0.185,0.2705,9
2775,I,0.585,0.46,0.145,0.8465,0.33899999999999997,0.16699999999999998,0.295,10
2776,M,0.585,0.465,0.165,0.885,0.4025,0.1625,0.27399999999999997,10
2777,I,0.585,0.42,0.145,0.6735,0.2895,0.1345,0.22,9
2778,F,0.585,0.455,0.13,0.8755,0.41100000000000003,0.2065,0.225,8
2779,M,0.59,0.47,0.145,0.9235,0.4545,0.17300000000000001,0.254,9
2780,M,0.59,0.475,0.14,0.977,0.4625,0.2025,0.275,10
2781,M,0.595,0.475,0.14,1.0305,0.4925,0.217,0.278,10
2782,M,0.6,0.48,0.09,1.05,0.457,0.2685,0.28,8
2783,M,0.6,0.495,0.185,1.1145,0.5055,0.2635,0.36700000000000005,11
2784,M,0.6,0.45,0.145,0.877,0.4325,0.155,0.24,9
2785,M,0.6,0.51,0.185,1.285,0.6095,0.2745,0.315,9
2786,M,0.61,0.48,0.185,1.3065,0.6895,0.2915,0.29,10
2787,F,0.61,0.45,0.13,0.8725,0.389,0.1715,0.272,11
2788,F,0.615,0.46,0.15,1.0265,0.4935,0.201,0.2745,10
2789,F,0.62,0.465,0.14,1.1605,0.6005,0.2195,0.307,9
2790,F,0.62,0.48,0.165,1.0125,0.5325,0.4365,0.324,10
2791,M,0.625,0.5,0.14,1.0959999999999999,0.5445,0.2165,0.295,10
2792,M,0.625,0.49,0.165,1.205,0.5175,0.3105,0.3465,10
2793,M,0.63,0.505,0.175,1.2209999999999999,0.555,0.252,0.34,12
2794,F,0.63,0.475,0.155,1.0005,0.452,0.252,0.265,10
2795,M,0.63,0.47,0.15,1.1355,0.539,0.2325,0.3115,12
2796,M,0.63,0.525,0.195,1.3135,0.4935,0.2565,0.465,10
2797,M,0.64,0.505,0.155,1.1955,0.5565,0.21100000000000002,0.34600000000000003,11
2798,M,0.64,0.485,0.15,1.0979999999999999,0.5195,0.222,0.3175,10
2799,M,0.64,0.495,0.17,1.139,0.5395,0.282,0.285,10
2800,F,0.64,0.495,0.17,1.2265,0.49,0.377,0.2875,11
2801,M,0.64,0.515,0.08,1.042,0.515,0.1755,0.175,10
2802,M,0.65,0.52,0.155,1.368,0.6185,0.28800000000000003,0.365,9
2803,M,0.65,0.51,0.175,1.446,0.6485,0.2705,0.45,12
2804,F,0.66,0.505,0.19,1.4045,0.6255,0.3375,0.3745,9
2805,F,0.66,0.525,0.2,1.463,0.6525,0.2995,0.42200000000000004,11
2806,F,0.675,0.525,0.17,1.7109999999999999,0.8365,0.35200000000000004,0.475,9
2807,M,0.7,0.54,0.205,1.74,0.7885,0.373,0.4865,13
2808,F,0.705,0.54,0.205,1.757,0.8265,0.41700000000000004,0.461,9
2809,M,0.71,0.565,0.2,1.601,0.706,0.321,0.45,11
2810,M,0.72,0.55,0.205,2.165,1.1055,0.525,0.40399999999999997,10
2811,M,0.725,0.57,0.19,2.3305,1.253,0.541,0.52,9
2812,I,0.24,0.17,0.05,0.0545,0.0205,0.016,0.0155,5
2813,I,0.255,0.195,0.055,0.0725,0.0285,0.017,0.021,4
2814,I,0.275,0.2,0.055,0.0925,0.038,0.021,0.026000000000000002,4
2815,I,0.32,0.235,0.09,0.183,0.098,0.0335,0.042,7
2816,I,0.325,0.24,0.075,0.1525,0.07200000000000001,0.0645,0.043,6
2817,I,0.33,0.225,0.075,0.187,0.0945,0.0395,0.0425,7
2818,I,0.36,0.27,0.09,0.23199999999999998,0.12,0.0435,0.055999999999999994,8
2819,I,0.375,0.265,0.095,0.196,0.085,0.042,0.0585,5
2820,I,0.375,0.285,0.09,0.2545,0.11900000000000001,0.0595,0.0675,6
2821,I,0.39,0.29,0.09,0.2625,0.11699999999999999,0.054000000000000006,0.077,7
2822,I,0.45,0.335,0.105,0.36200000000000004,0.1575,0.0795,0.1095,7
2823,I,0.455,0.35,0.105,0.4445,0.213,0.107,0.1115,7
2824,I,0.46,0.365,0.115,0.511,0.2365,0.11800000000000001,0.12300000000000001,7
2825,I,0.495,0.375,0.12,0.589,0.3075,0.1215,0.1405,8
2826,M,0.5,0.365,0.13,0.5945,0.309,0.1085,0.1535,9
2827,I,0.5,0.375,0.12,0.529,0.2235,0.12300000000000001,0.16,8
2828,M,0.52,0.4,0.105,0.872,0.4515,0.1615,0.1985,9
2829,I,0.52,0.395,0.145,0.77,0.424,0.142,0.1895,7
2830,F,0.525,0.43,0.135,0.8435,0.4325,0.18,0.1815,9
2831,M,0.535,0.405,0.14,0.818,0.402,0.1715,0.18899999999999997,7
2832,F,0.54,0.42,0.14,0.8035,0.38,0.1805,0.21,9
2833,F,0.54,0.415,0.15,0.8115,0.3875,0.1875,0.2035,9
2834,F,0.57,0.425,0.13,0.782,0.3695,0.1745,0.1965,8
2835,M,0.57,0.42,0.14,0.8745,0.41600000000000004,0.165,0.25,8
2836,M,0.58,0.445,0.16,0.9840000000000001,0.49,0.201,0.27,9
2837,F,0.58,0.445,0.135,0.95,0.484,0.182,0.2325,8
2838,M,0.59,0.47,0.155,1.1735,0.6245,0.233,0.2595,9
2839,F,0.59,0.455,0.15,0.976,0.465,0.2055,0.2765,10
2840,M,0.59,0.485,0.155,1.0785,0.4535,0.2435,0.31,9
2841,M,0.595,0.435,0.16,1.057,0.4255,0.22399999999999998,0.31,9
2842,M,0.6,0.475,0.175,1.11,0.5105,0.256,0.285,9
2843,M,0.6,0.45,0.16,1.1420000000000001,0.539,0.225,0.307,10
2844,M,0.605,0.475,0.19,1.1255,0.59,0.247,0.26,10
2845,F,0.62,0.48,0.17,1.1045,0.535,0.25,0.287,10
2846,M,0.625,0.475,0.175,1.3405,0.6559999999999999,0.28300000000000003,0.337,10
2847,M,0.625,0.5,0.13,1.082,0.5785,0.2045,0.25,8
2848,F,0.625,0.485,0.16,1.254,0.591,0.259,0.3485,9
2849,M,0.63,0.49,0.165,1.2005,0.575,0.273,0.294,10
2850,M,0.63,0.485,0.16,1.2429999999999999,0.623,0.275,0.3,10
2851,F,0.635,0.51,0.185,1.286,0.526,0.295,0.4105,12
2852,F,0.645,0.49,0.16,1.1665,0.4935,0.3155,0.299,9
2853,F,0.645,0.49,0.16,1.1440000000000001,0.5015,0.289,0.319,8
2854,F,0.65,0.525,0.19,1.385,0.8875,0.3095,0.405,11
2855,F,0.655,0.515,0.155,1.3090000000000002,0.524,0.34600000000000003,0.385,11
2856,F,0.655,0.515,0.17,1.527,0.8485,0.2635,0.331,11
2857,M,0.665,0.515,0.19,1.6385,0.831,0.3575,0.371,11
2858,M,0.695,0.54,0.195,1.6909999999999998,0.768,0.363,0.4755,11
2859,F,0.72,0.565,0.18,1.719,0.8465,0.40700000000000003,0.3875,11
2860,F,0.72,0.55,0.18,1.52,0.637,0.325,0.435,10
2861,F,0.72,0.565,0.17,1.6130000000000002,0.723,0.3255,0.4945,12
2862,M,0.735,0.57,0.21,2.2355,1.1705,0.46299999999999997,0.5315,10
2863,M,0.74,0.595,0.19,2.3235,1.1495,0.5115,0.505,11
2864,I,0.31,0.23,0.07,0.1245,0.0505,0.0265,0.038,6
2865,I,0.315,0.235,0.075,0.1285,0.051,0.027999999999999997,0.0405,4
2866,I,0.32,0.205,0.08,0.18100000000000002,0.08800000000000001,0.034,0.0495,5
2867,I,0.325,0.25,0.075,0.1585,0.075,0.0305,0.0455,6
2868,I,0.335,0.26,0.09,0.1965,0.0875,0.040999999999999995,0.055999999999999994,7
2869,I,0.37,0.28,0.085,0.198,0.0805,0.0455,0.057999999999999996,5
2870,I,0.37,0.27,0.09,0.1855,0.07,0.0425,0.065,7
2871,I,0.375,0.28,0.085,0.2145,0.0855,0.0485,0.07200000000000001,7
2872,I,0.4,0.315,0.09,0.3245,0.151,0.073,0.08800000000000001,8
2873,I,0.41,0.305,0.095,0.2625,0.1,0.0515,0.09,6
2874,I,0.425,0.34,0.1,0.371,0.15,0.0865,0.115,8
2875,I,0.435,0.335,0.095,0.298,0.109,0.057999999999999996,0.115,7
2876,I,0.445,0.31,0.09,0.336,0.1555,0.09,0.0855,7
2877,I,0.46,0.36,0.14,0.447,0.161,0.087,0.16,9
2878,F,0.465,0.35,0.11,0.4085,0.165,0.102,0.131,8
2879,I,0.47,0.385,0.13,0.5870000000000001,0.264,0.11699999999999999,0.174,8
2880,I,0.475,0.375,0.11,0.494,0.21100000000000002,0.109,0.1545,8
2881,I,0.495,0.375,0.12,0.614,0.2855,0.1365,0.161,8
2882,I,0.5,0.39,0.13,0.5075,0.2115,0.10400000000000001,0.1755,9
2883,I,0.5,0.37,0.12,0.5445,0.249,0.1065,0.152,8
2884,I,0.505,0.425,0.125,0.6115,0.245,0.1375,0.2,9
2885,I,0.505,0.4,0.125,0.5605,0.2255,0.1435,0.17,8
2886,M,0.505,0.365,0.115,0.521,0.25,0.096,0.15,8
2887,I,0.51,0.4,0.145,0.5775,0.231,0.14300000000000002,0.177,9
2888,I,0.51,0.4,0.125,0.5935,0.239,0.13,0.204,8
2889,I,0.52,0.4,0.11,0.597,0.2935,0.1155,0.16,8
2890,M,0.52,0.465,0.15,0.9505,0.456,0.19899999999999998,0.255,8
2891,I,0.53,0.38,0.125,0.616,0.292,0.113,0.185,8
2892,M,0.53,0.405,0.15,0.8315,0.35200000000000004,0.187,0.2525,10
2893,F,0.535,0.445,0.125,0.8725,0.41700000000000004,0.19899999999999998,0.24,8
2894,I,0.54,0.425,0.13,0.8155,0.3675,0.1365,0.24600000000000002,11
2895,I,0.54,0.415,0.11,0.619,0.2755,0.15,0.1765,10
2896,I,0.545,0.43,0.13,0.7595,0.358,0.153,0.2055,8
2897,I,0.545,0.43,0.15,0.742,0.3525,0.158,0.20800000000000002,10
2898,I,0.55,0.435,0.165,0.804,0.34,0.19399999999999998,0.244,8
2899,I,0.55,0.425,0.13,0.664,0.2695,0.163,0.21,8
2900,F,0.55,0.435,0.14,0.745,0.34700000000000003,0.174,0.2265,9
2901,I,0.56,0.43,0.13,0.728,0.3355,0.1435,0.2175,8
2902,I,0.56,0.435,0.13,0.777,0.354,0.17300000000000001,0.222,9
2903,F,0.575,0.425,0.15,0.8765,0.455,0.18,0.228,8
2904,I,0.575,0.455,0.16,0.9895,0.495,0.195,0.24600000000000002,9
2905,M,0.575,0.45,0.165,0.9655,0.498,0.19,0.23,8
2906,M,0.58,0.465,0.15,0.9065,0.371,0.1965,0.29,8
2907,M,0.58,0.46,0.15,1.0490000000000002,0.5205,0.1935,0.305,10
2908,F,0.58,0.45,0.17,0.9705,0.4615,0.23199999999999998,0.248,9
2909,F,0.58,0.45,0.15,0.92,0.39299999999999996,0.212,0.2895,9
2910,M,0.58,0.445,0.15,0.9525,0.4315,0.1945,0.287,11
2911,F,0.58,0.44,0.125,0.7855,0.363,0.1955,0.195,11
2912,I,0.585,0.45,0.135,0.855,0.3795,0.187,0.26,9
2913,M,0.59,0.5,0.15,1.1420000000000001,0.485,0.265,0.345,9
2914,I,0.59,0.46,0.125,0.755,0.33399999999999996,0.15,0.23800000000000002,9
2915,I,0.59,0.475,0.145,0.9745,0.4675,0.207,0.259,10
2916,M,0.595,0.47,0.155,1.2015,0.49200000000000005,0.3865,0.265,10
2917,M,0.595,0.46,0.17,1.1295,0.57,0.2555,0.265,10
2918,I,0.6,0.445,0.135,0.9205,0.445,0.2035,0.253,9
2919,F,0.6,0.48,0.17,1.056,0.4575,0.2435,0.3135,10
2920,M,0.6,0.45,0.195,1.34,0.617,0.3255,0.3605,10
2921,F,0.6,0.45,0.15,0.9625,0.4375,0.2225,0.2775,9
2922,M,0.6,0.465,0.165,1.0475,0.465,0.2345,0.315,11
2923,F,0.605,0.495,0.17,1.0915,0.4365,0.2715,0.335,13
2924,M,0.605,0.49,0.18,1.167,0.457,0.29,0.3745,9
2925,I,0.605,0.48,0.155,0.9995,0.425,0.1985,0.3,10
2926,I,0.61,0.425,0.155,1.0485,0.507,0.1955,0.27399999999999997,11
2927,F,0.61,0.47,0.195,1.2735,0.469,0.3315,0.39799999999999996,12
2928,M,0.61,0.48,0.14,1.0625,0.516,0.225,0.2915,11
2929,I,0.61,0.49,0.16,1.1545,0.5865,0.2385,0.2915,11
2930,F,0.615,0.475,0.175,1.194,0.5589999999999999,0.259,0.3165,11
2931,F,0.615,0.515,0.135,1.1215,0.545,0.2305,0.29,9
2932,M,0.615,0.455,0.15,0.9335,0.382,0.247,0.2615,10
2933,F,0.615,0.495,0.165,1.198,0.5415,0.2865,0.3185,10
2934,F,0.62,0.475,0.15,0.9545,0.455,0.1865,0.27699999999999997,9
2935,M,0.62,0.475,0.195,1.3585,0.5935,0.3365,0.3745,10
2936,M,0.625,0.495,0.175,1.2075,0.531,0.281,0.3525,11
2937,M,0.625,0.515,0.165,1.217,0.667,0.2065,0.3115,10
2938,F,0.625,0.5,0.16,1.217,0.5725,0.207,0.355,11
2939,F,0.625,0.49,0.145,0.92,0.43700000000000006,0.1735,0.28,10
2940,M,0.625,0.49,0.12,0.8765,0.456,0.18,0.233,10
2941,F,0.63,0.48,0.165,1.2615,0.5505,0.27699999999999997,0.3885,10
2942,M,0.63,0.53,0.18,1.2795,0.618,0.256,0.315,9
2943,F,0.63,0.485,0.185,1.167,0.5479999999999999,0.2485,0.34,10
2944,M,0.63,0.51,0.17,1.1885,0.4915,0.3065,0.348,7
2945,F,0.635,0.485,0.19,1.3765,0.634,0.2885,0.406,11
2946,M,0.635,0.52,0.175,1.2919999999999998,0.6,0.26899999999999996,0.36700000000000005,11
2947,M,0.635,0.485,0.18,1.1795,0.4785,0.2775,0.355,10
2948,F,0.635,0.5,0.19,1.29,0.593,0.3045,0.35200000000000004,8
2949,M,0.635,0.515,0.16,1.2075,0.5385,0.282,0.345,11
2950,M,0.64,0.505,0.18,1.297,0.59,0.3125,0.363,11
2951,M,0.64,0.575,0.175,1.4585,0.625,0.266,0.4395,11
2952,F,0.645,0.485,0.15,1.151,0.5935,0.2315,0.293,12
2953,F,0.645,0.52,0.17,1.197,0.526,0.2925,0.317,11
2954,M,0.645,0.495,0.19,1.5390000000000001,0.6115,0.408,0.445,12
2955,M,0.65,0.52,0.195,1.676,0.693,0.44,0.47,15
2956,F,0.65,0.565,0.2,1.6645,0.753,0.36700000000000005,0.43,12
2957,F,0.655,0.5,0.205,1.528,0.6215,0.3725,0.4535,11
2958,F,0.655,0.515,0.2,1.494,0.7255,0.309,0.405,12
2959,F,0.66,0.525,0.16,1.2770000000000001,0.4975,0.319,0.39399999999999996,13
2960,F,0.66,0.525,0.18,1.5965,0.7765,0.397,0.3605,10
2961,F,0.665,0.51,0.175,1.3805,0.675,0.2985,0.325,10
2962,I,0.67,0.485,0.175,1.2565,0.5355,0.322,0.386,9
2963,F,0.67,0.525,0.19,1.527,0.5755,0.353,0.44,12
2964,M,0.67,0.525,0.17,1.4005,0.715,0.3025,0.387,9
2965,M,0.67,0.525,0.195,1.4405,0.6595,0.2675,0.425,9
2966,M,0.67,0.54,0.175,1.482,0.7390000000000001,0.2925,0.365,10
2967,M,0.68,0.515,0.16,1.2345,0.618,0.2625,0.325,11
2968,F,0.68,0.505,0.17,1.3435,0.657,0.297,0.355,12
2969,M,0.685,0.505,0.19,1.5330000000000001,0.667,0.4055,0.41,10
2970,M,0.69,0.515,0.18,1.8445,0.9815,0.4655,0.341,13
2971,M,0.715,0.55,0.175,1.825,0.938,0.3805,0.44,11
2972,M,0.72,0.58,0.19,2.0885,0.9955,0.478,0.5305,13
2973,M,0.735,0.59,0.205,2.0869999999999997,0.909,0.474,0.625,12
2974,M,0.745,0.575,0.2,1.8840000000000001,0.9540000000000001,0.336,0.495,12
2975,I,0.32,0.215,0.095,0.305,0.14,0.067,0.0885,6
2976,I,0.43,0.345,0.115,0.4295,0.212,0.10800000000000001,0.109,8
2977,I,0.43,0.33,0.1,0.449,0.254,0.0825,0.09699999999999999,6
2978,M,0.485,0.365,0.155,1.0290000000000001,0.4235,0.2285,0.313,8
2979,M,0.49,0.355,0.155,0.981,0.465,0.2015,0.2505,8
2980,I,0.5,0.37,0.115,0.5745,0.306,0.11199999999999999,0.141,7
2981,F,0.505,0.38,0.13,0.693,0.391,0.1195,0.1515,8
2982,F,0.51,0.37,0.21,1.183,0.508,0.292,0.34299999999999997,9
2983,F,0.525,0.41,0.135,0.7905,0.4065,0.198,0.177,8
2984,F,0.535,0.4,0.15,1.224,0.618,0.275,0.2875,10
2985,I,0.535,0.4,0.135,0.775,0.368,0.20800000000000002,0.2055,8
2986,M,0.535,0.405,0.175,1.2705,0.5479999999999999,0.3265,0.337,13
2987,M,0.555,0.405,0.19,1.406,0.6115,0.342,0.389,10
2988,M,0.555,0.425,0.15,0.873,0.4625,0.1845,0.1965,9
2989,M,0.56,0.425,0.135,0.9415,0.509,0.2015,0.1975,9
2990,F,0.59,0.44,0.14,1.0070000000000001,0.4775,0.2105,0.2925,9
2991,M,0.595,0.485,0.15,1.0835,0.5305,0.231,0.276,8
2992,I,0.595,0.43,0.165,0.9845,0.4525,0.207,0.2725,8
2993,F,0.595,0.43,0.21,1.5245,0.653,0.396,0.41,11
2994,M,0.61,0.475,0.175,1.024,0.409,0.261,0.322,9
2995,M,0.61,0.485,0.17,1.281,0.597,0.3035,0.33,9
2996,F,0.62,0.5,0.17,1.148,0.5475,0.22,0.3315,10
2997,F,0.625,0.49,0.11,1.136,0.5265,0.1915,0.2925,9
2998,F,0.635,0.51,0.17,1.2235,0.532,0.271,0.354,9
2999,F,0.635,0.525,0.18,1.3695,0.634,0.318,0.363,11
3000,M,0.64,0.485,0.16,1.006,0.456,0.2245,0.2835,9
3001,M,0.64,0.495,0.165,1.307,0.6779999999999999,0.292,0.266,11
3002,M,0.645,0.505,0.185,1.463,0.5920000000000001,0.3905,0.41600000000000004,10
3003,F,0.655,0.505,0.175,1.2905,0.6205,0.2965,0.326,10
3004,F,0.67,0.515,0.17,1.4265,0.6605,0.3395,0.37,11
3005,M,0.68,0.54,0.21,1.7885,0.8345,0.408,0.43700000000000006,13
3006,M,0.7,0.545,0.185,1.6135,0.75,0.4035,0.3685,11
3007,M,0.73,0.585,0.225,2.2305,1.2395,0.42200000000000004,0.563,14
3008,F,0.75,0.615,0.205,2.2635,0.821,0.423,0.726,12
3009,I,0.255,0.185,0.065,0.07400000000000001,0.0305,0.0165,0.02,4
3010,I,0.375,0.26,0.08,0.2075,0.09,0.0415,0.07,6
3011,I,0.375,0.285,0.09,0.237,0.106,0.0395,0.08,8
3012,I,0.39,0.3,0.1,0.2665,0.1105,0.059000000000000004,0.084,7
3013,I,0.39,0.28,0.09,0.215,0.0845,0.034,0.079,8
3014,I,0.395,0.3,0.09,0.253,0.1155,0.05,0.075,6
3015,I,0.42,0.32,0.11,0.309,0.115,0.0645,0.0945,6
3016,I,0.435,0.335,0.105,0.3535,0.156,0.05,0.1135,7
3017,I,0.435,0.325,0.105,0.335,0.136,0.065,0.115,8
3018,I,0.44,0.32,0.105,0.3875,0.1755,0.07400000000000001,0.12,9
3019,I,0.45,0.33,0.115,0.365,0.14,0.0825,0.1245,8
3020,I,0.45,0.34,0.125,0.4045,0.171,0.07,0.1345,8
3021,I,0.455,0.355,0.105,0.37200000000000005,0.138,0.0765,0.135,9
3022,I,0.46,0.37,0.11,0.3965,0.1485,0.0855,0.1455,8
3023,I,0.47,0.375,0.125,0.5225,0.2265,0.10400000000000001,0.162,8
3024,I,0.475,0.375,0.11,0.456,0.182,0.099,0.16,9
3025,I,0.495,0.33,0.1,0.44,0.177,0.095,0.15,7
3026,I,0.495,0.375,0.115,0.507,0.24100000000000002,0.10300000000000001,0.15,8
3027,I,0.5,0.38,0.135,0.5285,0.226,0.12300000000000001,0.209,8
3028,I,0.515,0.385,0.125,0.5720000000000001,0.237,0.1435,0.165,7
3029,I,0.52,0.41,0.14,0.6625,0.2775,0.1555,0.196,11
3030,I,0.52,0.395,0.115,0.6445,0.3155,0.1245,0.18600000000000003,11
3031,I,0.525,0.4,0.11,0.6275,0.3015,0.126,0.18,8
3032,I,0.535,0.42,0.145,0.6885,0.273,0.1515,0.237,9
3033,M,0.535,0.41,0.12,0.6835,0.3125,0.1655,0.159,8
3034,M,0.54,0.42,0.19,0.6855,0.293,0.163,0.38,10
3035,I,0.55,0.405,0.15,0.6755,0.3015,0.1465,0.21,10
3036,I,0.55,0.445,0.145,0.7829999999999999,0.3045,0.157,0.265,11
3037,M,0.56,0.45,0.145,0.894,0.3885,0.2095,0.264,9
3038,I,0.565,0.44,0.135,0.768,0.3305,0.1385,0.2475,9
3039,M,0.57,0.45,0.145,0.95,0.4005,0.2235,0.2845,10
3040,F,0.57,0.47,0.14,0.871,0.385,0.21100000000000002,0.2315,10
3041,M,0.575,0.47,0.15,0.9785,0.4505,0.196,0.276,9
3042,I,0.575,0.43,0.13,0.7425,0.2895,0.2005,0.22,8
3043,M,0.575,0.445,0.14,0.737,0.325,0.1405,0.237,10
3044,I,0.575,0.445,0.16,0.9175,0.45,0.1935,0.24,9
3045,F,0.58,0.435,0.155,0.8785,0.425,0.1685,0.2425,10
3046,M,0.585,0.45,0.175,1.1275,0.4925,0.262,0.335,11
3047,M,0.59,0.435,0.165,0.9765,0.4525,0.2395,0.235,9
3048,I,0.59,0.47,0.145,0.9740000000000001,0.45299999999999996,0.23600000000000002,0.289,8
3049,M,0.59,0.405,0.15,0.853,0.326,0.2615,0.245,9
3050,M,0.595,0.47,0.175,0.991,0.382,0.2395,0.5,12
3051,M,0.595,0.48,0.14,0.9125,0.4095,0.1825,0.289,9
3052,F,0.595,0.46,0.16,0.9209999999999999,0.4005,0.2025,0.2875,9
3053,F,0.6,0.45,0.14,0.8690000000000001,0.3425,0.195,0.29100000000000004,11
3054,M,0.6,0.45,0.15,0.8665,0.3695,0.1955,0.255,12
3055,F,0.61,0.495,0.16,1.089,0.469,0.198,0.384,11
3056,M,0.615,0.485,0.215,0.9615,0.42200000000000004,0.17600000000000002,0.29,11
3057,M,0.615,0.49,0.17,1.145,0.4915,0.20800000000000002,0.34299999999999997,13
3058,I,0.62,0.475,0.16,0.907,0.371,0.16699999999999998,0.3075,11
3059,F,0.625,0.515,0.155,1.1635,0.4875,0.259,0.355,11
3060,M,0.63,0.515,0.175,1.1955,0.49200000000000005,0.247,0.37,11
3061,M,0.63,0.495,0.18,1.31,0.495,0.295,0.4695,10
3062,F,0.635,0.505,0.165,1.251,0.5770000000000001,0.22699999999999998,0.3825,11
3063,F,0.635,0.49,0.155,1.145,0.4775,0.3035,0.3155,9
3064,M,0.635,0.5,0.18,1.1540000000000001,0.4405,0.2315,0.387,9
3065,F,0.64,0.485,0.145,1.1335,0.5525,0.2505,0.3015,11
3066,F,0.64,0.5,0.15,1.2015,0.5589999999999999,0.231,0.3355,9
3067,M,0.65,0.505,0.17,1.5595,0.695,0.3515,0.395,11
3068,M,0.65,0.51,0.175,1.3165,0.6345,0.2605,0.364,12
3069,M,0.655,0.54,0.165,1.403,0.6955,0.2385,0.42,11
3070,F,0.655,0.49,0.16,1.204,0.5455,0.2615,0.3225,9
3071,F,0.655,0.455,0.17,1.2895,0.5870000000000001,0.3165,0.3415,11
3072,F,0.66,0.53,0.18,1.5175,0.7765,0.302,0.401,10
3073,M,0.665,0.525,0.155,1.3575,0.5325,0.3045,0.4485,10
3074,M,0.675,0.52,0.145,1.3645,0.557,0.3405,0.385,11
3075,F,0.68,0.52,0.185,1.494,0.615,0.3935,0.406,11
3076,F,0.68,0.56,0.195,1.6640000000000001,0.58,0.3855,0.545,11
3077,M,0.685,0.51,0.165,1.545,0.6859999999999999,0.3775,0.4055,10
3078,F,0.695,0.535,0.2,1.5855,0.667,0.33399999999999996,0.47100000000000003,11
3079,F,0.7,0.555,0.22,1.666,0.647,0.4285,0.455,11
3080,M,0.71,0.56,0.175,1.724,0.5660000000000001,0.4575,0.4625,13
3081,F,0.73,0.55,0.205,1.9080000000000001,0.5415,0.3565,0.5965,14
3082,F,0.755,0.575,0.2,2.073,1.0135,0.4655,0.48,11
3083,I,0.225,0.17,0.05,0.0515,0.019,0.012,0.017,4
3084,I,0.23,0.17,0.05,0.057,0.026000000000000002,0.013000000000000001,0.016,5
3085,I,0.255,0.185,0.06,0.0925,0.039,0.021,0.025,6
3086,I,0.355,0.27,0.075,0.204,0.3045,0.046,0.0595,7
3087,I,0.425,0.31,0.095,0.3075,0.139,0.0745,0.09300000000000001,7
3088,I,0.425,0.32,0.085,0.262,0.1235,0.067,0.0725,8
3089,M,0.455,0.35,0.11,0.45799999999999996,0.2,0.111,0.1305,8
3090,M,0.46,0.355,0.14,0.491,0.207,0.115,0.174,10
3091,M,0.495,0.38,0.12,0.474,0.19699999999999998,0.1065,0.1545,10
3092,M,0.51,0.395,0.125,0.5805,0.244,0.1335,0.188,11
3093,F,0.52,0.43,0.15,0.728,0.302,0.1575,0.235,11
3094,M,0.525,0.4,0.13,0.622,0.2655,0.147,0.184,9
3095,M,0.53,0.415,0.12,0.706,0.3355,0.1635,0.1345,9
3096,F,0.53,0.395,0.115,0.5685,0.249,0.1375,0.161,9
3097,M,0.545,0.435,0.145,0.9385,0.3685,0.1245,0.345,11
3098,F,0.55,0.43,0.15,0.655,0.2635,0.122,0.221,8
3099,M,0.575,0.48,0.15,0.9465,0.4355,0.2605,0.2505,9
3100,M,0.58,0.43,0.125,0.9115,0.446,0.2075,0.121,10
3101,M,0.595,0.455,0.145,0.9420000000000001,0.43,0.182,0.27699999999999997,11
3102,M,0.6,0.465,0.18,1.193,0.5145,0.315,0.3055,8
3103,M,0.645,0.5,0.18,1.4609999999999999,0.5985,0.2425,0.439,11
3104,M,0.66,0.525,0.2,1.489,0.6065,0.3795,0.42100000000000004,10
3105,I,0.29,0.215,0.06,0.1115,0.053,0.0185,0.032,5
3106,I,0.3,0.22,0.065,0.1235,0.059000000000000004,0.026000000000000002,0.0315,5
3107,I,0.37,0.275,0.1,0.2815,0.1505,0.0505,0.068,5
3108,I,0.375,0.285,0.08,0.226,0.0975,0.04,0.0725,7
3109,I,0.38,0.29,0.085,0.2285,0.08800000000000001,0.0465,0.075,7
3110,I,0.395,0.3,0.12,0.2995,0.1265,0.068,0.0895,8
3111,I,0.41,0.325,0.105,0.361,0.1605,0.0665,0.10300000000000001,8
3112,I,0.415,0.32,0.115,0.3045,0.1215,0.0735,0.094,7
3113,I,0.425,0.325,0.105,0.3975,0.1815,0.081,0.1175,7
3114,I,0.44,0.34,0.1,0.379,0.1725,0.0815,0.10099999999999999,7
3115,I,0.44,0.34,0.12,0.4995,0.2965,0.0945,0.1185,6
3116,M,0.465,0.405,0.135,0.7775,0.436,0.1715,0.1455,10
3117,F,0.47,0.36,0.1,0.4705,0.1635,0.08900000000000001,0.1385,8
3118,M,0.51,0.415,0.145,0.7509999999999999,0.3295,0.1835,0.203,8
3119,F,0.525,0.4,0.135,0.7140000000000001,0.318,0.138,0.20800000000000002,10
3120,F,0.525,0.4,0.13,0.6995,0.3115,0.131,0.223,9
3121,F,0.55,0.425,0.14,0.9520000000000001,0.4895,0.1945,0.2185,7
3122,M,0.56,0.42,0.15,0.8755,0.44,0.1965,0.2315,8
3123,M,0.575,0.45,0.135,0.9215,0.354,0.209,0.2365,9
3124,F,0.575,0.45,0.135,0.8285,0.36200000000000004,0.1655,0.23600000000000002,10
3125,M,0.585,0.46,0.15,1.206,0.581,0.21600000000000003,0.32299999999999995,10
3126,M,0.615,0.495,0.155,1.2865,0.435,0.293,0.3245,11
3127,F,0.62,0.485,0.155,1.1945,0.5105,0.271,0.35200000000000004,9
3128,F,0.63,0.495,0.19,1.1655,0.536,0.2115,0.1625,10
3129,F,0.63,0.49,0.17,1.2155,0.4625,0.2045,0.3105,10
3130,M,0.67,0.515,0.165,1.1735,0.526,0.285,0.316,11
3131,M,0.675,0.505,0.16,1.5319999999999998,0.74,0.35700000000000004,0.3815,11
3132,F,0.685,0.53,0.17,1.5105,0.7385,0.3525,0.3725,10
3133,F,0.485,0.39,0.1,0.5565,0.2215,0.1155,0.185,9
3134,M,0.46,0.36,0.125,0.547,0.2165,0.1105,0.19,8
3135,M,0.46,0.35,0.125,0.5165,0.1885,0.1145,0.185,9
3136,M,0.535,0.42,0.125,0.764,0.312,0.1505,0.265,11
3137,M,0.465,0.36,0.105,0.488,0.188,0.0845,0.19,10
3138,M,0.51,0.4,0.14,0.6905,0.259,0.151,0.23,10
3139,I,0.335,0.26,0.09,0.1835,0.078,0.024,0.065,11
3140,M,0.55,0.425,0.16,0.97,0.2885,0.139,0.48,20
3141,I,0.18,0.135,0.08,0.033,0.0145,0.006999999999999999,0.01,5
3142,I,0.215,0.165,0.055,0.059000000000000004,0.0265,0.0125,0.0185,5
3143,I,0.2,0.15,0.04,0.046,0.021,0.006999999999999999,0.0065,4
3144,F,0.625,0.48,0.2,1.3235,0.6075,0.3055,0.355,9
3145,M,0.55,0.42,0.17,0.8465,0.336,0.2405,0.245,13
3146,M,0.585,0.45,0.15,1.047,0.4315,0.276,0.315,14
3147,F,0.645,0.5,0.18,1.2785,0.5345,0.2995,0.345,13
3148,F,0.71,0.53,0.195,1.8745,0.6755,0.4065,0.6855,12
3149,F,0.7,0.54,0.215,1.9780000000000002,0.6675,0.3125,0.71,24
3150,F,0.655,0.505,0.165,1.367,0.5835,0.3515,0.396,10
3151,F,0.665,0.5,0.175,1.742,0.595,0.3025,0.725,21
3152,F,0.47,0.375,0.105,0.513,0.23199999999999998,0.142,0.13,11
3153,M,0.425,0.335,0.1,0.4085,0.1755,0.092,0.135,9
3154,M,0.54,0.41,0.13,0.56,0.2375,0.1065,0.175,7
3155,M,0.505,0.395,0.125,0.635,0.29,0.1555,0.175,9
3156,M,0.535,0.44,0.165,0.875,0.27899999999999997,0.18,0.3,10
3157,F,0.43,0.35,0.09,0.397,0.1575,0.08900000000000001,0.12,9
3158,M,0.55,0.435,0.11,0.8059999999999999,0.3415,0.203,0.215,9
3159,F,0.34,0.255,0.085,0.204,0.09699999999999999,0.021,0.05,6
3160,I,0.275,0.2,0.065,0.1165,0.0565,0.013000000000000001,0.035,7
3161,F,0.335,0.22,0.07,0.17,0.076,0.0365,0.05,6
3162,M,0.64,0.49,0.14,1.194,0.4445,0.23800000000000002,0.375,15
3163,F,0.55,0.44,0.125,0.765,0.33,0.2125,0.245,9
3164,F,0.64,0.475,0.19,1.151,0.4365,0.281,0.3805,13
3165,F,0.545,0.41,0.115,0.6765,0.29,0.158,0.22,9
3166,F,0.64,0.54,0.175,1.571,0.627,0.271,0.475,18
3167,M,0.605,0.49,0.155,1.153,0.503,0.2505,0.295,15
3168,M,0.605,0.47,0.115,1.114,0.3925,0.29100000000000004,0.31,15
3169,M,0.56,0.45,0.155,0.9125,0.3595,0.271,0.35,10
3170,F,0.57,0.465,0.155,0.872,0.3245,0.239,0.285,14
3171,M,0.525,0.405,0.16,0.792,0.316,0.1455,0.28,13
3172,F,0.505,0.405,0.18,0.606,0.239,0.1235,0.18,11
3173,M,0.35,0.265,0.09,0.2265,0.0995,0.0575,0.065,6
3174,M,0.45,0.355,0.12,0.3955,0.147,0.0765,0.145,9
3175,I,0.51,0.405,0.12,0.61,0.22899999999999998,0.131,0.235,11
3176,F,0.49,0.38,0.13,0.539,0.22899999999999998,0.1355,0.165,12
3177,F,0.505,0.41,0.135,0.657,0.29100000000000004,0.133,0.195,15
3178,M,0.38,0.3,0.1,0.2505,0.106,0.0535,0.0775,8
3179,I,0.27,0.195,0.07,0.102,0.045,0.0135,0.034,8
3180,F,0.37,0.295,0.1,0.2685,0.1165,0.055999999999999994,0.0835,7
3181,M,0.5,0.385,0.135,0.551,0.2245,0.0715,0.20600000000000002,11
3182,M,0.645,0.505,0.165,1.307,0.4335,0.262,0.52,10
3183,M,0.565,0.44,0.115,0.9185,0.40399999999999997,0.1785,0.29,11
3184,F,0.67,0.545,0.175,1.7069999999999999,0.6995,0.387,0.575,13
3185,F,0.59,0.415,0.15,0.8805,0.3645,0.23399999999999999,0.235,11
3186,F,0.47,0.36,0.11,0.4965,0.237,0.127,0.13,6
3187,F,0.51,0.385,0.135,0.632,0.282,0.145,0.17,8
3188,M,0.72,0.575,0.23,2.2695,0.8835,0.3985,0.665,16
3189,M,0.55,0.405,0.15,0.9235,0.41200000000000003,0.2135,0.24,7
3190,I,0.2,0.145,0.025,0.0345,0.011000000000000001,0.0075,0.01,5
3191,M,0.65,0.515,0.18,1.3315,0.5665,0.34700000000000003,0.405,13
3192,F,0.525,0.405,0.115,0.72,0.3105,0.1915,0.2,14
3193,M,0.565,0.435,0.185,1.032,0.354,0.2045,0.31,20
3194,F,0.61,0.47,0.16,1.0170000000000001,0.426,0.2255,0.32,12
3195,F,0.545,0.405,0.175,0.98,0.2585,0.207,0.38,18
3196,I,0.325,0.245,0.075,0.1495,0.0605,0.033,0.045,5
3197,I,0.31,0.235,0.075,0.1515,0.055999999999999994,0.0315,0.05,7
3198,M,0.45,0.335,0.14,0.478,0.1865,0.115,0.16,11
3199,F,0.49,0.38,0.155,0.578,0.2395,0.1255,0.18,9
3200,F,0.505,0.405,0.16,0.6835,0.271,0.145,0.215,10
3201,F,0.385,0.3,0.1,0.2725,0.1115,0.057,0.08,6
3202,F,0.62,0.485,0.22,1.511,0.5095,0.284,0.51,17
3203,F,0.635,0.505,0.185,1.3035,0.501,0.295,0.41,17
3204,F,0.665,0.53,0.185,1.3955,0.456,0.3205,0.49,15
3205,M,0.335,0.265,0.095,0.1975,0.0795,0.0375,0.07,9
3206,I,0.295,0.215,0.075,0.11599999999999999,0.037000000000000005,0.0295,0.04,8
3207,I,0.48,0.38,0.125,0.523,0.2105,0.1045,0.175,15
3208,I,0.32,0.25,0.08,0.1565,0.057,0.034,0.06,9
3209,I,0.43,0.34,0.125,0.384,0.1375,0.061,0.146,14
3210,M,0.565,0.45,0.14,1.0055,0.3785,0.244,0.265,12
3211,F,0.6,0.48,0.165,1.1345,0.4535,0.27,0.335,10
3212,F,0.585,0.46,0.17,1.0835,0.3745,0.326,0.325,14
3213,F,0.555,0.42,0.14,0.868,0.33,0.243,0.21,13
3214,F,0.57,0.495,0.16,1.0915,0.452,0.275,0.315,14
3215,F,0.62,0.485,0.175,1.271,0.531,0.3075,0.37,11
3216,M,0.63,0.51,0.19,1.4985,0.4125,0.3075,0.545,16
3217,M,0.425,0.34,0.12,0.38799999999999996,0.149,0.087,0.125,10
3218,F,0.64,0.505,0.19,1.2355,0.4435,0.3105,0.365,14
3219,M,0.675,0.525,0.175,1.402,0.483,0.3205,0.465,16
3220,M,0.5,0.4,0.145,0.6025,0.21600000000000003,0.138,0.21,11
3221,M,0.385,0.305,0.09,0.2775,0.109,0.0515,0.1,9
3222,M,0.52,0.435,0.195,0.973,0.2985,0.2135,0.355,18
3223,M,0.52,0.415,0.175,0.753,0.258,0.171,0.255,8
3224,M,0.64,0.525,0.2,1.3765,0.44,0.3075,0.47,16
3225,I,0.44,0.35,0.12,0.375,0.1425,0.0965,0.115,9
3226,F,0.42,0.32,0.13,0.4135,0.1645,0.106,0.11900000000000001,10
3227,F,0.45,0.35,0.135,0.56,0.231,0.13699999999999998,0.145,13
3228,I,0.42,0.325,0.125,0.3915,0.1575,0.1025,0.115,9
3229,F,0.64,0.505,0.19,1.2765,0.4835,0.32799999999999996,0.4,12
3230,M,0.57,0.455,0.15,0.96,0.387,0.2385,0.275,11
3231,M,0.41,0.325,0.12,0.3745,0.158,0.081,0.125,12
3232,M,0.485,0.41,0.15,0.696,0.2405,0.1625,0.265,13
3233,F,0.61,0.48,0.19,1.2955,0.5215,0.3225,0.365,12
3234,F,0.59,0.485,0.205,1.2315,0.4525,0.23800000000000002,0.42,13
3235,M,0.665,0.535,0.155,1.383,0.596,0.2565,0.485,14
3236,I,0.345,0.285,0.1,0.2225,0.0865,0.057999999999999996,0.075,8
3237,M,0.635,0.51,0.155,1.156,0.428,0.289,0.315,18
3238,M,0.695,0.53,0.15,1.4769999999999999,0.6375,0.3025,0.43,14
3239,F,0.69,0.54,0.185,1.5715,0.6935,0.318,0.47,15
3240,M,0.555,0.435,0.135,0.858,0.377,0.1585,0.29,15
3241,M,0.65,0.525,0.19,1.4995,0.6265,0.4005,0.395,14
3242,M,0.635,0.48,0.19,1.4669999999999999,0.5825,0.303,0.42,15
3243,F,0.655,0.51,0.16,1.092,0.396,0.2825,0.37,14
3244,F,0.69,0.555,0.205,1.8165,0.7785,0.4395,0.515,19
3245,F,0.695,0.55,0.16,1.6365,0.6940000000000001,0.3005,0.44,13
3246,M,0.55,0.435,0.16,0.9059999999999999,0.342,0.21899999999999997,0.295,13
3247,F,0.61,0.495,0.19,1.213,0.46399999999999997,0.306,0.365,15
3248,M,0.595,0.5,0.165,1.06,0.402,0.28,0.275,11
3249,M,0.3,0.24,0.09,0.161,0.0725,0.039,0.05,6
3250,F,0.435,0.35,0.125,0.45899999999999996,0.19699999999999998,0.1145,0.145,9
3251,I,0.455,0.375,0.125,0.5329999999999999,0.233,0.106,0.185,8
3252,M,0.48,0.38,0.13,0.6175,0.3,0.142,0.175,12
3253,I,0.43,0.35,0.105,0.366,0.1705,0.0855,0.11,6
3254,F,0.435,0.35,0.105,0.4195,0.19399999999999998,0.1005,0.13,7
3255,I,0.3,0.23,0.075,0.15,0.0605,0.042,0.045,5
3256,F,0.575,0.48,0.15,0.8745,0.375,0.193,0.29,12
3257,M,0.505,0.385,0.11,0.655,0.3185,0.15,0.185,9
3258,M,0.455,0.375,0.125,0.484,0.2155,0.102,0.165,7
3259,M,0.64,0.505,0.165,1.4435,0.6145,0.3035,0.39,18
3260,F,0.56,0.435,0.125,0.8775,0.3345,0.2145,0.29,13
3261,F,0.645,0.52,0.19,1.3105,0.58,0.28800000000000003,0.37,12
3262,F,0.595,0.485,0.145,1.2515,0.5035,0.2925,0.33,14
3263,M,0.565,0.45,0.115,0.9085,0.39799999999999996,0.19699999999999998,0.29,17
3264,F,0.655,0.5,0.14,1.1705,0.5405,0.3175,0.285,12
3265,M,0.48,0.38,0.135,0.528,0.2,0.1395,0.16,14
3266,F,0.495,0.385,0.135,0.6625,0.3005,0.1635,0.185,11
3267,F,0.4,0.335,0.115,0.4335,0.2105,0.1205,0.12,10
3268,M,0.41,0.31,0.125,0.3595,0.1415,0.0885,0.115,11
3269,F,0.595,0.465,0.145,1.107,0.402,0.2415,0.31,12
3270,F,0.625,0.475,0.13,0.8595,0.3195,0.1775,0.24,13
3271,M,0.52,0.425,0.155,0.7735,0.297,0.12300000000000001,0.255,17
3272,M,0.465,0.36,0.125,0.4365,0.16899999999999998,0.1075,0.145,11
3273,F,0.475,0.375,0.14,0.501,0.192,0.1175,0.175,13
3274,F,0.5,0.405,0.14,0.6735,0.265,0.124,0.25,18
3275,M,0.46,0.355,0.11,0.415,0.215,0.08199999999999999,0.13,12
3276,M,0.485,0.385,0.125,0.4775,0.2,0.0785,0.17,12
3277,F,0.465,0.39,0.14,0.5555,0.213,0.1075,0.215,15
3278,M,0.525,0.415,0.16,0.6445,0.26,0.1575,0.22,12
3279,F,0.655,0.53,0.19,1.4280000000000002,0.493,0.318,0.565,18
3280,M,0.69,0.54,0.185,1.6195,0.5329999999999999,0.353,0.555,24
3281,M,0.55,0.45,0.17,0.81,0.317,0.157,0.22,11
3282,F,0.58,0.475,0.165,1.0385,0.414,0.26,0.305,13
3283,F,0.59,0.475,0.155,0.9715,0.371,0.235,0.28,11
3284,M,0.565,0.44,0.155,0.868,0.348,0.217,0.26,11
3285,F,0.665,0.57,0.185,1.5219999999999998,0.6965,0.3025,0.405,13
3286,F,0.62,0.51,0.175,1.1255,0.4985,0.22699999999999998,0.315,14
3287,M,0.55,0.46,0.13,0.7085,0.305,0.1455,0.205,12
3288,F,0.605,0.475,0.145,1.0185,0.4695,0.225,0.27,15
3289,M,0.535,0.42,0.16,0.72,0.275,0.16399999999999998,0.225,15
3290,F,0.51,0.395,0.12,0.6175,0.262,0.122,0.193,12
3291,M,0.53,0.405,0.13,0.738,0.2845,0.17,0.193,9
3292,F,0.495,0.375,0.15,0.597,0.2615,0.135,0.17800000000000002,11
3293,M,0.575,0.455,0.185,1.156,0.5525,0.243,0.295,13
3294,F,0.63,0.5,0.16,1.22,0.4905,0.3,0.345,14
3295,M,0.59,0.45,0.12,0.7485,0.3345,0.1315,0.22,14
3296,F,0.605,0.485,0.165,1.0735,0.43700000000000006,0.205,0.33,14
3297,M,0.645,0.5,0.19,1.229,0.524,0.278,0.395,17
3298,F,0.62,0.5,0.175,1.146,0.47700000000000004,0.23,0.39,13
3299,M,0.605,0.485,0.175,1.145,0.4325,0.27,0.405,16
3300,F,0.615,0.5,0.205,1.1055,0.4445,0.22699999999999998,0.39,16
3301,F,0.66,0.525,0.19,1.67,0.6525,0.4875,0.49,11
3302,F,0.71,0.575,0.175,1.555,0.6465,0.3705,0.52,15
3303,F,0.565,0.45,0.185,0.9285,0.302,0.1805,0.265,12
3304,F,0.57,0.435,0.14,0.8085,0.3235,0.183,0.22,16
3305,I,0.6,0.445,0.175,1.057,0.38299999999999995,0.21600000000000003,0.355,16
3306,I,0.41,0.3,0.115,0.2595,0.09699999999999999,0.0515,0.08,10
3307,F,0.45,0.325,0.135,0.43799999999999994,0.1805,0.1165,0.11,9
3308,M,0.275,0.2,0.08,0.099,0.037000000000000005,0.024,0.03,5
3309,I,0.485,0.355,0.12,0.5085,0.21,0.122,0.135,9
3310,F,0.62,0.485,0.165,1.166,0.483,0.23800000000000002,0.355,13
3311,F,0.48,0.38,0.135,0.507,0.1915,0.1365,0.155,12
3312,F,0.505,0.41,0.15,0.6345,0.243,0.1335,0.215,17
3313,M,0.4,0.31,0.11,0.314,0.138,0.057,0.1,11
3314,I,0.45,0.355,0.115,0.4385,0.184,0.10800000000000001,0.1125,11
3315,M,0.35,0.26,0.09,0.195,0.0745,0.040999999999999995,0.0655,9
3316,M,0.44,0.35,0.14,0.451,0.171,0.0705,0.184,16
3317,M,0.265,0.2,0.065,0.084,0.034,0.0105,0.03,7
3318,M,0.165,0.125,0.04,0.0245,0.0095,0.0045,0.008,4
3319,F,0.705,0.555,0.2,1.4685,0.4715,0.3235,0.52,19
3320,F,0.535,0.425,0.155,0.7765,0.302,0.1565,0.25,16
3321,I,0.49,0.385,0.14,0.5425,0.198,0.127,0.175,11
3322,F,0.48,0.37,0.13,0.5885,0.2475,0.1505,0.1595,15
3323,F,0.395,0.3,0.105,0.3375,0.1435,0.0755,0.098,12
3324,I,0.375,0.28,0.1,0.2565,0.1165,0.0585,0.0725,12
3325,M,0.345,0.265,0.09,0.163,0.0615,0.037000000000000005,0.0485,10
3326,I,0.55,0.415,0.135,0.8095,0.2985,0.2015,0.28,12
3327,I,0.635,0.48,0.2,1.3655,0.6255,0.2595,0.425,16
3328,I,0.575,0.475,0.17,0.9670000000000001,0.3775,0.284,0.275,13
3329,F,0.545,0.435,0.15,0.6855,0.2905,0.145,0.225,10
3330,F,0.385,0.305,0.125,0.314,0.146,0.0555,0.08,10
3331,F,0.51,0.34,0.18,0.7005,0.312,0.165,0.2,11
3332,I,0.44,0.34,0.125,0.4895,0.1735,0.0875,0.2,13
3333,I,0.45,0.36,0.125,0.45,0.191,0.0865,0.145,12
3334,I,0.39,0.3,0.105,0.259,0.0955,0.038,0.085,8
3335,F,0.425,0.325,0.135,0.382,0.1465,0.079,0.14,12
3336,F,0.45,0.35,0.125,0.4435,0.185,0.09,0.145,11
3337,I,0.66,0.525,0.18,1.6935,0.6025,0.4005,0.42,15
3338,F,0.685,0.525,0.175,1.71,0.5415,0.309,0.58,16
3339,F,0.585,0.475,0.185,0.8575,0.3465,0.1785,0.275,12
3340,I,0.54,0.435,0.145,0.97,0.4285,0.22,0.264,17
3341,F,0.49,0.39,0.135,0.59,0.215,0.125,0.1845,12
3342,M,0.43,0.33,0.095,0.34,0.1315,0.085,0.11199999999999999,14
3343,F,0.455,0.365,0.11,0.385,0.166,0.046,0.1345,13
3344,I,0.495,0.38,0.145,0.515,0.175,0.098,0.212,13
3345,F,0.48,0.38,0.145,0.59,0.23199999999999998,0.141,0.23,12
3346,I,0.47,0.4,0.16,0.51,0.1615,0.073,0.198,14
3347,M,0.415,0.32,0.1,0.3005,0.1215,0.0575,0.10400000000000001,11
3348,I,0.49,0.385,0.115,0.6829999999999999,0.3265,0.1615,0.165,13
3349,I,0.47,0.375,0.105,0.46799999999999997,0.1665,0.10800000000000001,0.17,10
3350,I,0.445,0.345,0.13,0.4075,0.1365,0.0645,0.18,11
3351,F,0.51,0.38,0.13,0.584,0.22399999999999998,0.1355,0.185,13
3352,F,0.52,0.405,0.145,0.8290000000000001,0.3535,0.1685,0.205,15
3353,I,0.475,0.365,0.14,0.4545,0.171,0.11800000000000001,0.158,8
3354,F,0.455,0.36,0.11,0.4385,0.20600000000000002,0.098,0.125,10
3355,I,0.435,0.34,0.11,0.40700000000000003,0.1685,0.073,0.13,10
3356,I,0.39,0.3,0.1,0.3085,0.1385,0.0735,0.085,6
3357,I,0.375,0.285,0.1,0.239,0.105,0.0555,0.07,8
3358,M,0.285,0.215,0.075,0.106,0.0415,0.023,0.035,5
3359,I,0.58,0.445,0.17,1.178,0.3935,0.2165,0.315,20
3360,F,0.58,0.44,0.175,1.073,0.4005,0.2345,0.335,19
3361,M,0.41,0.315,0.095,0.306,0.121,0.0735,0.09,9
3362,M,0.41,0.3,0.1,0.301,0.124,0.069,0.09,9
3363,I,0.54,0.405,0.15,0.7585,0.307,0.2075,0.19,10
3364,M,0.33,0.245,0.085,0.171,0.0655,0.0365,0.055,11
3365,I,0.44,0.31,0.115,0.3625,0.134,0.08199999999999999,0.12,11
3366,M,0.28,0.21,0.065,0.0905,0.035,0.02,0.03,5
3367,I,0.59,0.465,0.195,1.0885,0.3685,0.187,0.375,17
3368,I,0.61,0.48,0.165,1.097,0.4215,0.264,0.335,13
3369,I,0.61,0.46,0.17,1.278,0.41,0.257,0.37,17
3370,M,0.455,0.345,0.125,0.44,0.16899999999999998,0.1065,0.135,12
3371,M,0.33,0.235,0.09,0.163,0.0615,0.034,0.055,10
3372,I,0.44,0.33,0.135,0.522,0.17,0.0905,0.195,16
3373,M,0.54,0.405,0.155,0.9715,0.3225,0.19399999999999998,0.29,19
3374,F,0.475,0.375,0.125,0.588,0.237,0.1715,0.155,10
3375,F,0.46,0.33,0.15,0.5325,0.2085,0.1805,0.125,10
3376,I,0.31,0.235,0.09,0.127,0.048,0.031,0.04,6
3377,I,0.255,0.19,0.07,0.0815,0.027999999999999997,0.016,0.031,5
3378,M,0.335,0.255,0.075,0.1635,0.0615,0.0345,0.057,8
3379,I,0.295,0.21,0.08,0.1,0.038,0.026000000000000002,0.031,8
3380,I,0.19,0.13,0.045,0.0265,0.009000000000000001,0.005,0.009000000000000001,5
3381,M,0.545,0.435,0.165,0.9955,0.3245,0.2665,0.325,19
3382,M,0.495,0.4,0.12,0.6605,0.2605,0.161,0.19,15
3383,M,0.5,0.375,0.13,0.721,0.3055,0.1725,0.22,14
3384,F,0.305,0.225,0.07,0.1485,0.0585,0.0335,0.045,7
3385,F,0.475,0.35,0.115,0.48700000000000004,0.19399999999999998,0.1455,0.125,13
3386,M,0.515,0.4,0.125,0.955,0.341,0.2535,0.26,13
3387,M,0.545,0.41,0.145,0.873,0.3035,0.196,0.31,18
3388,M,0.74,0.535,0.185,1.65,0.7340000000000001,0.4505,0.335,13
3389,M,0.565,0.465,0.15,1.1285,0.377,0.3525,0.33,16
3390,M,0.56,0.44,0.16,1.1115,0.5035,0.2785,0.26,10
3391,M,0.545,0.42,0.125,0.9745,0.353,0.174,0.305,13
3392,M,0.645,0.515,0.185,1.4605,0.5835,0.3155,0.41,19
3393,M,0.575,0.435,0.13,1.0105,0.368,0.222,0.32,10
3394,M,0.62,0.48,0.16,1.0765,0.41200000000000003,0.253,0.3,13
3395,F,0.605,0.45,0.165,1.2225,0.35700000000000004,0.20199999999999999,0.385,13
3396,M,0.605,0.475,0.16,1.6159999999999999,0.5495,0.332,0.34,18
3397,F,0.475,0.375,0.15,0.5589999999999999,0.1955,0.1215,0.1945,12
3398,M,0.365,0.285,0.085,0.2205,0.0855,0.0515,0.07,9
3399,F,0.46,0.35,0.115,0.44,0.19,0.1025,0.13,8
3400,M,0.53,0.43,0.135,0.879,0.28,0.2165,0.25,10
3401,M,0.48,0.395,0.15,0.6815,0.2145,0.1405,0.2495,18
3402,M,0.455,0.345,0.15,0.5795,0.1685,0.125,0.215,13
3403,I,0.35,0.265,0.11,0.209,0.066,0.059000000000000004,0.075,9
3404,M,0.37,0.28,0.105,0.22399999999999998,0.0815,0.0575,0.075,8
3405,I,0.34,0.25,0.075,0.1765,0.0785,0.0405,0.05,7
3406,I,0.35,0.28,0.075,0.196,0.08199999999999999,0.04,0.064,8
3407,I,0.35,0.265,0.08,0.192,0.081,0.0465,0.053,6
3408,I,0.39,0.315,0.09,0.3095,0.147,0.05,0.09,7
3409,I,0.395,0.31,0.095,0.313,0.131,0.07200000000000001,0.09300000000000001,7
3410,I,0.415,0.31,0.105,0.3595,0.16699999999999998,0.083,0.0915,6
3411,I,0.43,0.32,0.1,0.3855,0.192,0.0745,0.1,7
3412,I,0.48,0.355,0.115,0.5785,0.25,0.106,0.184,8
3413,M,0.49,0.395,0.12,0.674,0.3325,0.1235,0.185,9
3414,F,0.49,0.37,0.105,0.5265,0.249,0.1005,0.14800000000000002,7
3415,F,0.56,0.465,0.16,1.0315,0.43200000000000005,0.2025,0.337,9
3416,M,0.56,0.45,0.14,0.9,0.47200000000000003,0.182,0.218,7
3417,M,0.58,0.46,0.15,1.0165,0.491,0.221,0.265,9
3418,F,0.58,0.48,0.18,1.2495,0.4945,0.27,0.371,8
3419,M,0.59,0.47,0.135,1.1685,0.539,0.27899999999999997,0.28,8
3420,F,0.595,0.475,0.165,1.148,0.444,0.214,0.37,10
3421,M,0.6,0.475,0.15,1.089,0.5195,0.223,0.292,11
3422,M,0.61,0.47,0.155,1.0325,0.49700000000000005,0.2175,0.2785,9
3423,F,0.63,0.475,0.15,1.172,0.536,0.254,0.316,11
3424,M,0.64,0.51,0.17,1.3715,0.5670000000000001,0.307,0.409,10
3425,F,0.65,0.545,0.185,1.5055,0.6565,0.341,0.43,10
3426,M,0.71,0.55,0.2,1.9045,0.882,0.44,0.5,13
3427,M,0.74,0.605,0.2,2.4925,1.1455,0.575,0.5235,13
3428,I,0.25,0.18,0.065,0.0805,0.0345,0.0185,0.0215,4
3429,I,0.28,0.21,0.065,0.111,0.0425,0.0285,0.03,6
3430,I,0.325,0.24,0.075,0.152,0.065,0.0305,0.045,6
3431,I,0.35,0.265,0.095,0.19899999999999998,0.073,0.049,0.06,5
3432,I,0.36,0.27,0.09,0.21899999999999997,0.09699999999999999,0.0405,0.065,6
3433,I,0.365,0.27,0.105,0.2155,0.0915,0.0475,0.063,6
3434,I,0.37,0.28,0.09,0.2565,0.1255,0.0645,0.0645,6
3435,I,0.375,0.285,0.09,0.257,0.1045,0.062,0.075,7
3436,I,0.38,0.275,0.095,0.2505,0.0945,0.0655,0.075,6
3437,I,0.395,0.3,0.09,0.27899999999999997,0.134,0.049,0.075,8
3438,I,0.43,0.335,0.105,0.37799999999999995,0.188,0.0785,0.09,6
3439,I,0.44,0.35,0.125,0.456,0.21,0.0955,0.131,8
3440,I,0.465,0.37,0.1,0.5055,0.23399999999999999,0.11,0.14,7
3441,F,0.465,0.355,0.115,0.4705,0.1955,0.11800000000000001,0.126,7
3442,M,0.48,0.37,0.13,0.643,0.349,0.1155,0.135,8
3443,I,0.485,0.37,0.1,0.513,0.21899999999999997,0.1075,0.13,7
3444,F,0.49,0.4,0.115,0.569,0.256,0.1325,0.145,9
3445,I,0.495,0.4,0.145,0.578,0.2545,0.1305,0.1645,8
3446,I,0.5,0.385,0.11,0.596,0.3015,0.10400000000000001,0.151,8
3447,F,0.505,0.39,0.12,0.5725,0.2555,0.1325,0.146,8
3448,M,0.52,0.39,0.12,0.6435,0.2885,0.157,0.161,7
3449,M,0.52,0.395,0.125,0.8115,0.4035,0.166,0.2,7
3450,F,0.525,0.44,0.125,0.7115,0.3205,0.159,0.1915,7
3451,M,0.55,0.44,0.155,0.9155,0.3645,0.195,0.25,8
3452,F,0.555,0.44,0.145,0.8815,0.43,0.1975,0.2155,8
3453,F,0.555,0.42,0.11,0.9309999999999999,0.4445,0.171,0.225,8
3454,F,0.575,0.46,0.165,1.065,0.4985,0.2145,0.2815,8
3455,M,0.6,0.475,0.155,1.1385,0.502,0.2295,0.31,9
3456,F,0.61,0.48,0.16,1.234,0.598,0.23800000000000002,0.315,12
3457,F,0.61,0.495,0.175,1.2635,0.53,0.315,0.3455,10
3458,F,0.61,0.47,0.16,1.0745,0.4925,0.23600000000000002,0.29,8
3459,M,0.615,0.505,0.19,1.403,0.6715,0.2925,0.365,8
3460,M,0.62,0.485,0.165,1.1325,0.5235,0.2505,0.2825,9
3461,F,0.625,0.495,0.16,1.1115,0.4495,0.2825,0.345,11
3462,F,0.625,0.47,0.17,1.255,0.525,0.2415,0.405,10
3463,M,0.625,0.485,0.17,1.4369999999999998,0.5855,0.293,0.475,11
3464,M,0.635,0.495,0.155,1.3635,0.583,0.2985,0.295,10
3465,F,0.64,0.48,0.195,1.1435,0.4915,0.2345,0.353,9
3466,M,0.64,0.5,0.17,1.4545,0.642,0.3575,0.354,9
3467,M,0.66,0.525,0.18,1.4780000000000002,0.5815,0.381,0.37200000000000005,10
3468,F,0.665,0.52,0.165,1.6885,0.7295,0.40700000000000003,0.4265,11
3469,F,0.715,0.585,0.23,2.0725,0.8655,0.4095,0.565,10
3470,M,0.72,0.565,0.2,1.787,0.718,0.385,0.529,11
3471,F,0.725,0.58,0.185,1.5230000000000001,0.8045,0.3595,0.4375,9
3472,I,0.165,0.12,0.05,0.021,0.0075,0.0045,0.013999999999999999,3
3473,I,0.21,0.15,0.055,0.0455,0.02,0.0065,0.013000000000000001,4
3474,I,0.355,0.265,0.085,0.2435,0.122,0.0525,0.06,6
3475,I,0.4,0.315,0.085,0.2675,0.11599999999999999,0.0585,0.0765,6
3476,I,0.4,0.29,0.1,0.258,0.10400000000000001,0.059000000000000004,0.0815,7
3477,I,0.4,0.3,0.11,0.2985,0.1375,0.071,0.075,6
3478,I,0.435,0.335,0.11,0.41100000000000003,0.2025,0.0945,0.1,7
3479,I,0.44,0.33,0.11,0.38,0.19699999999999998,0.079,0.09,7
3480,I,0.45,0.34,0.105,0.4385,0.21,0.0925,0.12,8
3481,I,0.465,0.345,0.105,0.4015,0.242,0.0345,0.109,6
3482,I,0.47,0.355,0.145,0.4485,0.156,0.102,0.12300000000000001,7
3483,I,0.47,0.355,0.115,0.4155,0.16699999999999998,0.084,0.139,7
3484,I,0.475,0.42,0.16,0.7095,0.35,0.1505,0.1845,8
3485,I,0.485,0.37,0.115,0.637,0.38,0.1335,0.128,7
3486,F,0.505,0.475,0.16,1.1155,0.509,0.239,0.3065,8
3487,I,0.51,0.405,0.13,0.599,0.3065,0.1155,0.1485,8
3488,I,0.52,0.38,0.13,0.5345,0.2375,0.122,0.1535,8
3489,F,0.53,0.42,0.14,0.627,0.2905,0.1165,0.183,8
3490,M,0.535,0.42,0.16,0.7465,0.348,0.1515,0.2185,10
3491,M,0.55,0.44,0.16,0.985,0.4645,0.201,0.27,8
3492,M,0.555,0.44,0.145,0.85,0.4165,0.1685,0.23,8
3493,M,0.555,0.44,0.15,0.838,0.4155,0.146,0.23,8
3494,F,0.555,0.43,0.135,0.812,0.4055,0.163,0.2215,9
3495,M,0.56,0.415,0.13,0.7615,0.3695,0.17,0.1955,8
3496,M,0.575,0.44,0.145,0.87,0.3945,0.2195,0.225,8
3497,F,0.585,0.45,0.145,0.9835,0.4845,0.242,0.22,9
3498,M,0.59,0.46,0.145,0.929,0.38,0.24,0.255,10
3499,F,0.595,0.47,0.165,1.0155,0.491,0.1905,0.289,9
3500,M,0.6,0.41,0.145,0.9390000000000001,0.4475,0.196,0.268,8
3501,M,0.6,0.475,0.16,1.1640000000000001,0.5045,0.2635,0.335,12
3502,M,0.61,0.47,0.175,1.214,0.5315,0.2835,0.325,10
3503,F,0.615,0.49,0.19,1.1345,0.4695,0.257,0.348,11
3504,F,0.62,0.51,0.18,1.2329999999999999,0.5920000000000001,0.27399999999999997,0.322,10
3505,M,0.625,0.495,0.18,1.0815,0.4715,0.254,0.3135,10
3506,M,0.625,0.47,0.175,1.179,0.605,0.258,0.271,9
3507,F,0.64,0.5,0.165,1.1635,0.5539999999999999,0.239,0.32,11
3508,F,0.64,0.475,0.175,1.1545,0.4865,0.341,0.28800000000000003,9
3509,F,0.645,0.52,0.175,1.3345,0.667,0.2665,0.355,10
3510,M,0.65,0.505,0.18,1.469,0.7115,0.3335,0.38,9
3511,M,0.655,0.52,0.18,1.492,0.7185,0.36,0.355,11
3512,F,0.655,0.54,0.175,1.5585,0.7285,0.402,0.385,11
3513,F,0.66,0.5,0.175,1.3275,0.556,0.2805,0.4085,9
3514,M,0.67,0.525,0.18,1.6615,0.8005,0.3645,0.43,10
3515,F,0.69,0.525,0.19,1.492,0.6425,0.3905,0.42,12
3516,F,0.7,0.575,0.2,1.7365,0.7755,0.3965,0.461,11
3517,F,0.7,0.56,0.175,1.6605,0.8605,0.3275,0.39799999999999996,11
3518,M,0.71,0.57,0.195,1.348,0.8985,0.4435,0.4535,11
3519,M,0.715,0.545,0.18,1.7405,0.871,0.34700000000000003,0.449,10
3520,F,0.72,0.545,0.185,1.7185,0.7925,0.401,0.46799999999999997,11
3521,I,0.215,0.15,0.055,0.040999999999999995,0.015,0.009000000000000001,0.0125,3
3522,I,0.24,0.185,0.06,0.0655,0.0295,0.0005,0.02,4
3523,I,0.26,0.205,0.07,0.09699999999999999,0.0415,0.019,0.0305,4
3524,I,0.32,0.24,0.085,0.131,0.0615,0.0265,0.038,6
3525,I,0.33,0.23,0.085,0.1695,0.079,0.026000000000000002,0.0505,6
3526,I,0.335,0.26,0.085,0.192,0.09699999999999999,0.03,0.054000000000000006,6
3527,I,0.35,0.26,0.09,0.1765,0.07200000000000001,0.0355,0.0575,7
3528,I,0.35,0.265,0.085,0.1735,0.0775,0.034,0.055999999999999994,6
3529,I,0.36,0.265,0.075,0.1785,0.0785,0.035,0.054000000000000006,6
3530,I,0.36,0.265,0.09,0.2055,0.096,0.037000000000000005,0.0585,7
3531,I,0.365,0.275,0.09,0.2345,0.10800000000000001,0.051,0.0625,7
3532,I,0.38,0.285,0.09,0.2305,0.1005,0.039,0.0775,7
3533,I,0.4,0.31,0.115,0.314,0.1545,0.0595,0.087,6
3534,I,0.4,0.315,0.09,0.33,0.151,0.068,0.08,6
3535,I,0.4,0.265,0.1,0.2775,0.1245,0.0605,0.08,9
3536,I,0.425,0.325,0.11,0.405,0.1695,0.092,0.1065,8
3537,I,0.43,0.325,0.105,0.309,0.11900000000000001,0.08,0.098,6
3538,M,0.435,0.335,0.11,0.4385,0.2075,0.0715,0.1315,7
3539,I,0.435,0.34,0.12,0.396,0.1775,0.081,0.125,8
3540,I,0.445,0.355,0.095,0.3615,0.1415,0.0785,0.12,8
3541,I,0.45,0.35,0.11,0.514,0.253,0.1045,0.14,8
3542,I,0.455,0.435,0.11,0.4265,0.195,0.09,0.1205,8
3543,I,0.46,0.34,0.09,0.384,0.1795,0.068,0.11,8
3544,I,0.475,0.355,0.125,0.4865,0.2155,0.1105,0.142,9
3545,I,0.475,0.36,0.135,0.4355,0.196,0.0925,0.125,8
3546,I,0.475,0.35,0.115,0.498,0.2375,0.099,0.14,7
3547,I,0.48,0.355,0.125,0.494,0.2385,0.0835,0.15,9
3548,F,0.495,0.37,0.12,0.594,0.28,0.11,0.1375,7
3549,I,0.5,0.365,0.125,0.528,0.22899999999999998,0.10300000000000001,0.1645,9
3550,M,0.505,0.39,0.115,0.5585,0.2575,0.11900000000000001,0.1535,8
3551,I,0.515,0.4,0.135,0.636,0.3055,0.1215,0.1855,9
3552,I,0.525,0.39,0.105,0.5670000000000001,0.2875,0.1075,0.16,8
3553,I,0.53,0.405,0.13,0.6615,0.2945,0.1395,0.19,9
3554,I,0.53,0.42,0.13,0.6579999999999999,0.29600000000000004,0.1245,0.198,8
3555,M,0.535,0.415,0.135,0.78,0.3165,0.16899999999999998,0.2365,8
3556,I,0.535,0.41,0.13,0.6075,0.268,0.1225,0.1975,9
3557,I,0.54,0.41,0.135,0.7025,0.31,0.177,0.2,8
3558,I,0.55,0.425,0.155,0.8725,0.41200000000000003,0.187,0.2425,10
3559,F,0.565,0.45,0.175,1.2365,0.5305,0.2455,0.308,10
3560,M,0.57,0.47,0.155,1.186,0.6355,0.2315,0.27699999999999997,10
3561,I,0.57,0.42,0.13,0.7745,0.3535,0.1505,0.2365,9
3562,F,0.57,0.42,0.16,0.8875,0.4315,0.1915,0.223,8
3563,I,0.575,0.455,0.155,0.8725,0.349,0.2095,0.285,8
3564,I,0.575,0.44,0.125,0.8515,0.4555,0.1715,0.1965,9
3565,F,0.575,0.475,0.16,0.895,0.3605,0.221,0.271,9
3566,M,0.575,0.45,0.155,0.8859999999999999,0.3605,0.21100000000000002,0.2575,9
3567,I,0.58,0.46,0.14,0.9265,0.4135,0.1845,0.27,10
3568,I,0.58,0.46,0.14,0.8295,0.3915,0.165,0.23800000000000002,10
3569,I,0.58,0.47,0.15,0.907,0.444,0.1855,0.2445,11
3570,M,0.58,0.47,0.165,1.041,0.54,0.166,0.27899999999999997,9
3571,F,0.585,0.465,0.165,0.9355,0.4035,0.2275,0.259,9
3572,F,0.585,0.46,0.165,1.058,0.486,0.25,0.294,9
3573,F,0.595,0.465,0.145,0.7955,0.3425,0.1795,0.2425,10
3574,F,0.6,0.47,0.17,1.0805,0.4995,0.2245,0.3205,9
3575,M,0.6,0.47,0.15,0.9279999999999999,0.4225,0.183,0.275,8
3576,F,0.6,0.475,0.155,1.0590000000000002,0.441,0.19,0.39,11
3577,M,0.6,0.475,0.23,1.157,0.522,0.2235,0.36,11
3578,F,0.6,0.475,0.17,1.088,0.4905,0.2475,0.31,10
3579,F,0.6,0.485,0.145,0.7759999999999999,0.3545,0.1585,0.239,9
3580,F,0.62,0.48,0.165,1.043,0.4835,0.221,0.31,10
3581,M,0.625,0.48,0.16,1.1415,0.5795,0.2145,0.29,9
3582,F,0.625,0.475,0.16,1.3335,0.605,0.2875,0.319,10
3583,F,0.625,0.5,0.175,1.273,0.564,0.302,0.374,9
3584,M,0.625,0.49,0.165,1.1835,0.517,0.2375,0.39,11
3585,M,0.625,0.485,0.16,1.2135,0.631,0.2235,0.302,9
3586,I,0.63,0.465,0.15,1.0315,0.4265,0.24,0.325,11
3587,M,0.635,0.495,0.17,1.3695,0.657,0.3055,0.365,10
3588,M,0.65,0.515,0.185,1.3745,0.75,0.1805,0.369,12
3589,M,0.65,0.515,0.18,1.463,0.6579999999999999,0.3135,0.4115,11
3590,F,0.65,0.52,0.195,1.6275,0.6890000000000001,0.3905,0.43200000000000005,11
3591,F,0.65,0.475,0.165,1.3875,0.58,0.3485,0.3095,9
3592,M,0.655,0.525,0.16,1.46,0.6859999999999999,0.311,0.405,11
3593,F,0.655,0.53,0.165,1.2835,0.583,0.1255,0.4,8
3594,F,0.66,0.5,0.155,1.3765,0.6485,0.28800000000000003,0.335,12
3595,M,0.66,0.515,0.2,1.6465,0.7490000000000001,0.42200000000000004,0.401,11
3596,M,0.675,0.515,0.145,1.265,0.6025,0.299,0.325,10
3597,M,0.685,0.53,0.17,1.56,0.647,0.38299999999999995,0.465,11
3598,M,0.715,0.52,0.18,1.6,0.708,0.3525,0.445,12
3599,M,0.735,0.555,0.22,2.333,1.2395,0.3645,0.6195,12
3600,I,0.175,0.125,0.04,0.027999999999999997,0.0095,0.008,0.009000000000000001,4
3601,I,0.37,0.285,0.095,0.226,0.1135,0.0515,0.0675,8
3602,I,0.395,0.3,0.09,0.2855,0.1385,0.0625,0.077,5
3603,I,0.42,0.325,0.11,0.325,0.1245,0.0755,0.1025,7
3604,I,0.455,0.37,0.11,0.514,0.2385,0.1235,0.126,8
3605,I,0.495,0.375,0.115,0.5755,0.31,0.1145,0.1395,8
3606,F,0.51,0.375,0.11,0.5805,0.2865,0.11800000000000001,0.14800000000000002,7
3607,M,0.515,0.39,0.14,0.6779999999999999,0.341,0.1325,0.11900000000000001,8
3608,M,0.545,0.43,0.155,0.8035,0.409,0.14400000000000002,0.228,7
3609,F,0.555,0.405,0.12,0.9129999999999999,0.4585,0.196,0.2065,9
3610,M,0.58,0.45,0.16,0.8675,0.3935,0.221,0.215,9
3611,F,0.59,0.465,0.17,1.0425,0.4635,0.24,0.27,10
3612,M,0.6,0.46,0.18,1.14,0.423,0.2575,0.365,10
3613,F,0.61,0.49,0.17,1.3475,0.7045,0.25,0.3045,11
3614,M,0.615,0.475,0.155,1.0735,0.4375,0.2585,0.31,11
3615,M,0.615,0.475,0.19,1.4335,0.7315,0.305,0.3285,9
3616,M,0.615,0.495,0.2,1.304,0.5795,0.3115,0.371,14
3617,M,0.62,0.46,0.16,0.9505,0.4915,0.2,0.228,9
3618,M,0.63,0.515,0.17,1.385,0.6355,0.2955,0.38,11
3619,F,0.64,0.5,0.17,1.12,0.4955,0.2645,0.32,12
3620,F,0.64,0.5,0.17,1.2645,0.565,0.3375,0.315,9
3621,F,0.655,0.455,0.17,1.275,0.583,0.303,0.33299999999999996,8
3622,M,0.655,0.505,0.165,1.27,0.6035,0.262,0.335,10
3623,M,0.66,0.53,0.175,1.5830000000000002,0.7395,0.3505,0.405,10
3624,F,0.665,0.5,0.175,1.4355,0.643,0.345,0.37,9
3625,F,0.67,0.525,0.195,1.42,0.573,0.368,0.3905,10
3626,M,0.69,0.53,0.19,1.5955,0.6779999999999999,0.331,0.48,10
3627,M,0.715,0.525,0.2,1.89,0.95,0.436,0.4305,10
3628,F,0.735,0.565,0.225,2.037,0.87,0.5145,0.5675,13
3629,I,0.27,0.205,0.05,0.084,0.03,0.0185,0.028999999999999998,6
3630,I,0.285,0.225,0.07,0.1005,0.0425,0.0185,0.035,7
3631,I,0.295,0.22,0.085,0.1285,0.0585,0.027000000000000003,0.0365,5
3632,I,0.3,0.225,0.075,0.1345,0.057,0.027999999999999997,0.044000000000000004,5
3633,I,0.3,0.22,0.065,0.1195,0.052000000000000005,0.0155,0.035,5
3634,I,0.36,0.265,0.085,0.1895,0.0725,0.0515,0.055,6
3635,I,0.37,0.275,0.095,0.257,0.1015,0.055,0.0825,6
3636,I,0.39,0.29,0.09,0.2745,0.135,0.0455,0.078,8
3637,I,0.435,0.325,0.1,0.342,0.1335,0.0835,0.105,6
3638,I,0.44,0.34,0.105,0.344,0.12300000000000001,0.081,0.125,8
3639,I,0.44,0.32,0.095,0.3275,0.1495,0.059000000000000004,0.1,8
3640,I,0.445,0.345,0.12,0.4035,0.16899999999999998,0.0825,0.13,7
3641,I,0.465,0.37,0.115,0.4075,0.1515,0.0935,0.1455,9
3642,I,0.465,0.355,0.12,0.4975,0.2375,0.099,0.14,8
3643,I,0.47,0.345,0.12,0.3685,0.1525,0.0615,0.125,8
3644,I,0.475,0.365,0.105,0.4175,0.1645,0.099,0.127,7
3645,I,0.475,0.335,0.1,0.4425,0.1895,0.086,0.135,9
3646,I,0.475,0.35,0.125,0.4225,0.1905,0.079,0.1355,9
3647,I,0.485,0.365,0.125,0.426,0.163,0.0965,0.151,8
3648,I,0.49,0.39,0.12,0.511,0.2205,0.10300000000000001,0.1745,9
3649,I,0.515,0.405,0.13,0.573,0.213,0.134,0.195,9
3650,I,0.52,0.415,0.14,0.6385,0.2945,0.1405,0.171,8
3651,I,0.525,0.405,0.125,0.657,0.2985,0.1505,0.168,10
3652,F,0.525,0.425,0.14,0.8735,0.4205,0.182,0.2225,10
3653,I,0.53,0.425,0.13,0.7809999999999999,0.3905,0.2005,0.215,9
3654,I,0.53,0.42,0.14,0.6765,0.256,0.1855,0.20800000000000002,9
3655,M,0.53,0.41,0.125,0.769,0.34600000000000003,0.17300000000000001,0.215,9
3656,I,0.53,0.395,0.125,0.6235,0.2975,0.10800000000000001,0.195,11
3657,M,0.535,0.405,0.14,0.7315,0.336,0.156,0.19,7
3658,I,0.535,0.45,0.155,0.8075,0.3655,0.14800000000000002,0.2595,10
3659,M,0.545,0.41,0.14,0.737,0.349,0.15,0.212,9
3660,F,0.545,0.41,0.125,0.654,0.2945,0.1315,0.205,10
3661,I,0.55,0.415,0.15,0.7915,0.3535,0.17600000000000002,0.23600000000000002,10
3662,I,0.55,0.45,0.14,0.753,0.3445,0.1325,0.24,8
3663,I,0.55,0.4,0.135,0.7170000000000001,0.3315,0.1495,0.221,9
3664,I,0.555,0.43,0.15,0.7829999999999999,0.345,0.1755,0.247,9
3665,I,0.575,0.45,0.145,0.872,0.4675,0.18,0.217,9
3666,I,0.575,0.44,0.15,0.983,0.486,0.215,0.239,8
3667,F,0.585,0.42,0.155,1.034,0.43700000000000006,0.2225,0.32,11
3668,F,0.585,0.465,0.145,0.9855,0.4325,0.2145,0.2845,10
3669,I,0.585,0.46,0.14,0.7635,0.326,0.153,0.265,9
3670,M,0.59,0.465,0.135,0.9895,0.4235,0.19899999999999998,0.28,8
3671,I,0.595,0.47,0.135,0.9365,0.434,0.184,0.287,10
3672,F,0.595,0.44,0.135,0.9640000000000001,0.5005,0.1715,0.2575,10
3673,F,0.595,0.46,0.155,1.0455,0.4565,0.24,0.3085,10
3674,F,0.595,0.45,0.165,1.081,0.49,0.2525,0.27899999999999997,12
3675,M,0.6,0.47,0.16,1.012,0.441,0.2015,0.305,10
3676,F,0.6,0.5,0.16,1.122,0.5095,0.256,0.309,10
3677,M,0.605,0.49,0.165,1.1245,0.49200000000000005,0.222,0.3555,11
3678,F,0.605,0.49,0.15,1.1345,0.4305,0.2525,0.35,10
3679,M,0.61,0.45,0.19,1.0805,0.517,0.2495,0.2935,10
3680,F,0.61,0.495,0.165,1.0835,0.4525,0.273,0.317,9
3681,M,0.615,0.47,0.175,1.242,0.5675,0.287,0.317,11
3682,M,0.62,0.5,0.18,1.3915,0.726,0.2795,0.332,11
3683,M,0.62,0.525,0.155,1.085,0.45399999999999996,0.1965,0.35,10
3684,I,0.62,0.47,0.155,0.966,0.447,0.171,0.284,11
3685,M,0.62,0.48,0.165,1.0855,0.48100000000000004,0.2575,0.305,10
3686,F,0.625,0.485,0.135,1.3025,0.61,0.2675,0.3605,14
3687,I,0.625,0.485,0.16,1.15,0.5255,0.257,0.3315,11
3688,I,0.63,0.49,0.17,1.217,0.5515,0.212,0.31,11
3689,F,0.63,0.505,0.195,1.306,0.516,0.3305,0.375,9
3690,M,0.64,0.5,0.175,1.273,0.5065,0.2925,0.405,13
3691,M,0.645,0.51,0.19,1.4865,0.6445,0.29600000000000004,0.425,12
3692,M,0.65,0.52,0.17,1.3655,0.6155,0.2885,0.36,11
3693,M,0.65,0.495,0.17,1.276,0.6215,0.2305,0.39899999999999997,11
3694,M,0.65,0.495,0.16,1.2075,0.55,0.2695,0.32,10
3695,F,0.65,0.52,0.195,1.281,0.5985,0.24600000000000002,0.3825,10
3696,M,0.65,0.525,0.205,1.4275,0.69,0.306,0.4355,13
3697,M,0.65,0.51,0.175,1.155,0.4955,0.2025,0.385,12
3698,F,0.65,0.51,0.175,1.35,0.575,0.3155,0.3885,10
3699,M,0.65,0.525,0.19,1.3685,0.5975,0.29600000000000004,0.4,11
3700,F,0.66,0.53,0.17,1.431,0.622,0.309,0.39799999999999996,10
3701,M,0.66,0.51,0.18,1.261,0.5,0.2335,0.33899999999999997,10
3702,F,0.665,0.54,0.195,1.764,0.8505,0.3615,0.47,11
3703,F,0.67,0.51,0.155,1.278,0.5605,0.3045,0.358,11
3704,M,0.67,0.54,0.195,1.217,0.532,0.2735,0.3315,11
3705,F,0.67,0.54,0.2,1.46,0.6435,0.32799999999999996,0.4165,9
3706,F,0.675,0.535,0.185,1.5575,0.7035,0.402,0.4,11
3707,M,0.675,0.51,0.17,1.527,0.809,0.318,0.341,11
3708,F,0.675,0.53,0.195,1.4985,0.62,0.375,0.425,9
3709,M,0.685,0.55,0.19,1.885,0.89,0.41,0.4895,10
3710,M,0.685,0.535,0.175,1.432,0.637,0.247,0.46,11
3711,M,0.705,0.55,0.21,1.4385,0.655,0.3255,0.462,11
3712,F,0.705,0.53,0.17,1.564,0.612,0.39399999999999996,0.44,10
3713,M,0.71,0.555,0.175,2.14,1.2455,0.3725,0.434,11
3714,F,0.725,0.56,0.185,1.7919999999999998,0.873,0.36700000000000005,0.435,11
3715,M,0.78,0.6,0.21,2.548,1.1945,0.5745,0.6745,11
3716,I,0.235,0.13,0.075,0.1585,0.0685,0.037000000000000005,0.0465,5
3717,I,0.35,0.25,0.1,0.4015,0.1725,0.063,0.1255,7
3718,I,0.36,0.25,0.115,0.465,0.21,0.1055,0.128,7
3719,I,0.38,0.28,0.095,0.2885,0.165,0.0435,0.067,7
3720,F,0.38,0.32,0.115,0.6475,0.32299999999999995,0.1325,0.16399999999999998,7
3721,M,0.43,0.31,0.13,0.6485,0.2735,0.163,0.184,9
3722,I,0.465,0.36,0.105,0.452,0.22,0.159,0.1035,9
3723,I,0.47,0.355,0.12,0.4915,0.1765,0.1125,0.1325,9
3724,F,0.485,0.365,0.15,0.9145,0.4145,0.19899999999999998,0.273,7
3725,M,0.495,0.375,0.155,0.976,0.45,0.2285,0.2475,9
3726,I,0.5,0.395,0.145,0.7865,0.332,0.1815,0.2455,8
3727,M,0.505,0.4,0.15,0.775,0.3445,0.157,0.185,7
3728,I,0.51,0.375,0.15,0.8415,0.3845,0.156,0.255,10
3729,M,0.51,0.38,0.135,0.6809999999999999,0.3435,0.142,0.17,9
3730,M,0.515,0.37,0.115,0.6145,0.3415,0.155,0.146,9
3731,F,0.55,0.415,0.18,1.1655,0.502,0.301,0.311,9
3732,F,0.575,0.42,0.19,1.764,0.914,0.377,0.4095,10
3733,M,0.605,0.455,0.16,1.1215,0.5329999999999999,0.273,0.271,10
3734,M,0.615,0.505,0.165,1.167,0.4895,0.2955,0.345,10
3735,M,0.615,0.475,0.15,1.0375,0.47600000000000003,0.2325,0.28300000000000003,9
3736,M,0.625,0.48,0.18,1.2229999999999999,0.565,0.2975,0.3375,10
3737,M,0.625,0.47,0.15,1.124,0.556,0.2315,0.287,9
3738,F,0.635,0.505,0.17,1.2635,0.512,0.322,0.355,9
3739,F,0.65,0.525,0.165,1.238,0.647,0.2485,0.3005,9
3740,F,0.65,0.5,0.17,1.4045,0.6940000000000001,0.318,0.3235,11
3741,F,0.67,0.525,0.195,1.37,0.6065,0.2955,0.40700000000000003,12
3742,F,0.695,0.525,0.205,1.8185,0.8190000000000001,0.4025,0.4525,13
3743,F,0.705,0.555,0.195,1.7525,0.7105,0.4215,0.516,12
3744,I,0.275,0.205,0.065,0.10099999999999999,0.040999999999999995,0.021,0.034,5
3745,I,0.285,0.205,0.07,0.106,0.039,0.0285,0.034,5
3746,I,0.36,0.265,0.085,0.1865,0.0675,0.037000000000000005,0.0615,7
3747,I,0.385,0.29,0.1,0.2575,0.1,0.061,0.086,6
3748,I,0.4,0.315,0.1,0.3225,0.14300000000000002,0.0735,0.091,6
3749,I,0.43,0.33,0.095,0.32,0.11800000000000001,0.065,0.12300000000000001,7
3750,I,0.435,0.375,0.11,0.4155,0.17,0.076,0.145,8
3751,I,0.45,0.335,0.115,0.3935,0.195,0.071,0.11,7
3752,I,0.475,0.355,0.135,0.4775,0.2145,0.09,0.1435,8
3753,I,0.475,0.36,0.11,0.452,0.191,0.099,0.13,8
3754,I,0.485,0.37,0.14,0.5065,0.2425,0.08800000000000001,0.1465,8
3755,I,0.51,0.395,0.105,0.5525,0.23399999999999999,0.127,0.165,8
3756,I,0.515,0.39,0.12,0.565,0.235,0.135,0.179,9
3757,I,0.52,0.41,0.14,0.6990000000000001,0.3395,0.129,0.1945,10
3758,I,0.525,0.4,0.14,0.6055,0.2605,0.10800000000000001,0.21,9
3759,M,0.53,0.425,0.155,0.7905,0.307,0.171,0.2595,9
3760,M,0.53,0.425,0.13,0.7020000000000001,0.2975,0.1395,0.22,9
3761,M,0.53,0.42,0.135,0.675,0.294,0.156,0.1825,10
3762,I,0.53,0.395,0.115,0.475,0.2025,0.10099999999999999,0.14800000000000002,8
3763,I,0.53,0.41,0.15,0.612,0.2435,0.1525,0.1895,11
3764,I,0.535,0.4,0.145,0.705,0.3065,0.1365,0.22,10
3765,I,0.535,0.45,0.135,0.728,0.2845,0.1845,0.265,9
3766,F,0.555,0.44,0.14,0.846,0.34600000000000003,0.1715,0.2735,10
3767,M,0.555,0.46,0.16,0.86,0.3345,0.1935,0.275,10
3768,M,0.56,0.465,0.145,0.8875,0.3345,0.22,0.2695,9
3769,F,0.56,0.43,0.145,0.898,0.3895,0.2325,0.245,9
3770,I,0.565,0.43,0.125,0.6545,0.2815,0.139,0.21,9
3771,I,0.575,0.45,0.145,0.795,0.364,0.1505,0.26,10
3772,M,0.575,0.465,0.12,1.0535,0.516,0.2185,0.235,9
3773,F,0.575,0.46,0.15,0.927,0.33299999999999996,0.207,0.2985,9
3774,I,0.58,0.42,0.14,0.701,0.3285,0.102,0.2255,9
3775,M,0.58,0.45,0.155,0.8275,0.321,0.1975,0.2445,8
3776,F,0.585,0.42,0.155,0.9845,0.442,0.2155,0.2875,13
3777,M,0.585,0.47,0.145,0.9565,0.4025,0.2365,0.265,9
3778,I,0.59,0.45,0.125,0.86,0.43700000000000006,0.1515,0.245,9
3779,M,0.595,0.48,0.185,1.1785,0.526,0.2975,0.314,10
3780,M,0.615,0.48,0.185,1.2205,0.4985,0.315,0.33,10
3781,M,0.615,0.455,0.13,0.9685,0.49,0.182,0.2655,10
3782,F,0.62,0.5,0.175,1.107,0.4895,0.24,0.34299999999999997,11
3783,I,0.62,0.48,0.18,1.1305,0.5285,0.2655,0.306,12
3784,M,0.62,0.48,0.155,1.2555,0.527,0.374,0.3175,11
3785,M,0.625,0.495,0.155,1.177,0.5055,0.278,0.345,9
3786,M,0.625,0.5,0.185,1.2425,0.5995,0.248,0.335,10
3787,M,0.63,0.49,0.16,1.09,0.40700000000000003,0.22399999999999998,0.354,12
3788,F,0.63,0.475,0.15,1.072,0.433,0.2975,0.315,8
3789,F,0.645,0.51,0.155,1.129,0.5015,0.24,0.342,10
3790,F,0.65,0.505,0.175,1.2075,0.5105,0.262,0.39,10
3791,F,0.65,0.495,0.175,1.227,0.528,0.258,0.37,11
3792,F,0.655,0.52,0.175,1.472,0.6275,0.27,0.45,13
3793,F,0.665,0.525,0.18,1.5785,0.6779999999999999,0.22899999999999998,0.456,14
3794,M,0.67,0.52,0.175,1.4755,0.6275,0.379,0.374,10
3795,M,0.675,0.54,0.175,1.5545,0.6645,0.278,0.512,12
3796,F,0.675,0.54,0.21,1.5930000000000002,0.6859999999999999,0.318,0.45,11
3797,M,0.695,0.58,0.2,1.8995,0.675,0.478,0.5295,13
3798,F,0.695,0.535,0.175,1.361,0.5465,0.2815,0.465,10
3799,F,0.705,0.56,0.17,1.4575,0.607,0.318,0.44,11
3800,M,0.74,0.58,0.205,2.381,0.8155,0.4695,0.488,12
3801,I,0.205,0.155,0.045,0.0495,0.0235,0.011000000000000001,0.013999999999999999,3
3802,I,0.305,0.23,0.075,0.1455,0.0595,0.0305,0.05,6
3803,I,0.32,0.23,0.06,0.129,0.0615,0.0275,0.0355,7
3804,I,0.355,0.27,0.1,0.2255,0.11,0.042,0.064,7
3805,M,0.425,0.305,0.11,0.359,0.17300000000000001,0.0875,0.0975,9
3806,I,0.425,0.31,0.095,0.3505,0.1645,0.071,0.1,8
3807,F,0.45,0.365,0.115,0.5885,0.318,0.121,0.1325,8
3808,M,0.515,0.385,0.13,0.623,0.2855,0.1285,0.175,10
3809,F,0.52,0.375,0.135,0.5375,0.221,0.11699999999999999,0.17,8
3810,I,0.525,0.4,0.125,0.5655,0.2435,0.11900000000000001,0.175,8
3811,M,0.555,0.445,0.13,0.8625,0.4225,0.155,0.24,9
3812,F,0.61,0.49,0.17,1.137,0.4605,0.2825,0.344,12
3813,I,0.35,0.26,0.095,0.221,0.0985,0.043,0.07,8
3814,I,0.38,0.275,0.095,0.2425,0.106,0.0485,0.21,6
3815,I,0.46,0.34,0.1,0.386,0.1805,0.0875,0.0965,8
3816,M,0.465,0.355,0.12,0.5315,0.2725,0.09699999999999999,0.1395,8
3817,M,0.475,0.385,0.12,0.562,0.289,0.0905,0.153,8
3818,M,0.565,0.445,0.14,0.836,0.406,0.1605,0.2245,9
3819,M,0.57,0.45,0.14,0.9275,0.47700000000000004,0.1605,0.2515,8
3820,M,0.57,0.44,0.145,0.8815,0.3605,0.1955,0.2735,10
3821,M,0.595,0.46,0.155,1.03,0.4275,0.207,0.3305,10
3822,F,0.605,0.48,0.175,1.1685,0.4815,0.2305,0.35600000000000004,9
3823,F,0.615,0.455,0.135,1.0590000000000002,0.4735,0.263,0.27399999999999997,9
3824,M,0.62,0.46,0.17,1.127,0.535,0.2635,0.29600000000000004,7
3825,M,0.625,0.47,0.17,1.1665,0.4605,0.2565,0.3945,11
3826,F,0.68,0.52,0.185,1.541,0.5985,0.395,0.4575,10
3827,M,0.68,0.54,0.195,1.7825,0.5565,0.3235,0.4285,11
3828,M,0.68,0.52,0.175,1.5430000000000001,0.7525,0.35100000000000003,0.374,11
3829,F,0.71,0.555,0.17,1.47,0.5375,0.38,0.431,12
3830,M,0.5,0.385,0.12,0.6335,0.2305,0.125,0.235,14
3831,F,0.545,0.42,0.175,0.754,0.256,0.1775,0.275,10
3832,F,0.46,0.365,0.115,0.4485,0.165,0.083,0.17,14
3833,M,0.535,0.41,0.15,0.8105,0.345,0.187,0.24,11
3834,M,0.335,0.26,0.075,0.22,0.0855,0.04,0.085,6
3835,F,0.425,0.35,0.1,0.4425,0.175,0.0755,0.175,7
3836,M,0.41,0.325,0.1,0.3555,0.146,0.07200000000000001,0.105,9
3837,I,0.17,0.105,0.035,0.034,0.012,0.0085,0.005,4
3838,I,0.335,0.25,0.095,0.185,0.0795,0.0495,0.055,8
3839,M,0.52,0.425,0.125,0.79,0.37200000000000005,0.205,0.19,8
3840,F,0.53,0.41,0.145,0.8255,0.375,0.204,0.245,9
3841,M,0.5,0.42,0.125,0.62,0.255,0.15,0.205,11
3842,F,0.615,0.475,0.145,0.9525,0.3915,0.195,0.32,9
3843,M,0.575,0.45,0.16,0.955,0.44,0.1685,0.27,16
3844,M,0.57,0.45,0.155,0.91,0.326,0.1895,0.355,14
3845,M,0.455,0.35,0.105,0.41600000000000004,0.1625,0.09699999999999999,0.145,11
3846,I,0.37,0.275,0.085,0.2045,0.096,0.055999999999999994,0.08,6
3847,M,0.445,0.37,0.125,0.515,0.2495,0.087,0.159,9
3848,F,0.675,0.535,0.22,1.604,0.6175,0.4255,0.45299999999999996,14
3849,M,0.385,0.3,0.115,0.3435,0.1645,0.085,0.1025,6
3850,F,0.375,0.295,0.11,0.3005,0.1255,0.0575,0.1035,7
3851,M,0.56,0.44,0.13,0.8255,0.2425,0.20199999999999999,0.285,10
3852,M,0.55,0.41,0.15,0.785,0.282,0.18600000000000003,0.275,12
3853,F,0.57,0.465,0.155,0.9685,0.446,0.261,0.255,9
3854,F,0.485,0.4,0.155,0.731,0.23600000000000002,0.183,0.255,11
3855,M,0.41,0.335,0.115,0.4405,0.19,0.085,0.135,8
3856,I,0.335,0.255,0.085,0.1785,0.071,0.0405,0.055,9
3857,M,0.655,0.515,0.2,1.3730000000000002,0.44299999999999995,0.3375,0.49,16
3858,F,0.565,0.45,0.165,0.9765,0.322,0.244,0.37,12
3859,F,0.57,0.44,0.19,1.018,0.447,0.207,0.265,9
3860,F,0.55,0.465,0.15,1.082,0.3575,0.19399999999999998,0.19,14
3861,F,0.63,0.475,0.175,1.423,0.4155,0.3385,0.49,14
3862,M,0.475,0.37,0.125,0.655,0.266,0.1725,0.185,10
3863,F,0.655,0.5,0.18,1.4155,0.508,0.314,0.445,18
3864,I,0.32,0.235,0.065,0.1385,0.057999999999999996,0.0225,0.05,5
3865,M,0.525,0.395,0.165,0.782,0.285,0.1405,0.285,19
3866,F,0.525,0.43,0.165,0.7170000000000001,0.289,0.1745,0.195,10
3867,F,0.5,0.39,0.13,0.6355,0.2505,0.1635,0.195,15
3868,F,0.44,0.34,0.135,0.3975,0.1505,0.0945,0.135,8
3869,F,0.49,0.385,0.16,0.6559999999999999,0.2455,0.171,0.205,9
3870,M,0.545,0.44,0.165,0.7440000000000001,0.2875,0.204,0.25,15
3871,F,0.45,0.36,0.11,0.447,0.203,0.08199999999999999,0.13,12
3872,F,0.515,0.4,0.115,0.578,0.191,0.1445,0.17,9
3873,I,0.33,0.25,0.075,0.1405,0.055999999999999994,0.035,0.05,5
3874,F,0.525,0.41,0.15,0.708,0.27399999999999997,0.151,0.25,12
3875,M,0.295,0.225,0.09,0.1385,0.048,0.046,0.05,9
3876,M,0.545,0.45,0.16,0.8615,0.2925,0.1545,0.365,16
3877,F,0.645,0.5,0.225,1.626,0.5870000000000001,0.4055,0.41,15
3878,M,0.45,0.355,0.115,0.478,0.18,0.1185,0.155,10
3879,F,0.61,0.49,0.17,1.1775,0.5655,0.2385,0.295,15
3880,I,0.38,0.3,0.1,0.28600000000000003,0.1305,0.055999999999999994,0.09,7
3881,F,0.565,0.455,0.13,1.058,0.439,0.2645,0.3,10
3882,F,0.67,0.545,0.16,1.5415,0.5985,0.2565,0.495,15
3883,M,0.54,0.425,0.12,0.8170000000000001,0.2945,0.153,0.195,10
3884,I,0.29,0.225,0.075,0.152,0.071,0.059000000000000004,0.045,9
3885,I,0.41,0.33,0.105,0.335,0.1525,0.07400000000000001,0.11,7
3886,F,0.46,0.375,0.12,0.4915,0.2205,0.08800000000000001,0.17,7
3887,F,0.56,0.44,0.155,0.9705,0.4315,0.263,0.255,9
3888,F,0.575,0.45,0.1,0.9315,0.431,0.222,0.235,12
3889,M,0.62,0.5,0.2,1.2209999999999999,0.4605,0.263,0.43,12
3890,M,0.515,0.4,0.14,0.7365,0.2955,0.184,0.185,16
3891,F,0.56,0.46,0.18,0.97,0.342,0.196,0.355,12
3892,F,0.5,0.4,0.15,0.8085,0.273,0.11199999999999999,0.295,13
3893,I,0.435,0.355,0.125,0.4075,0.1535,0.07400000000000001,0.165,9
3894,M,0.495,0.38,0.135,0.6295,0.263,0.1425,0.215,12
3895,F,0.595,0.5,0.18,1.053,0.4405,0.192,0.39,13
3896,M,0.76,0.575,0.19,1.829,0.7035,0.386,0.56,14
3897,F,0.615,0.5,0.165,1.1765,0.488,0.244,0.345,17
3898,F,0.565,0.46,0.15,0.8765,0.3455,0.1925,0.275,10
3899,I,0.14,0.105,0.035,0.0145,0.005,0.0035,0.005,4
3900,M,0.445,0.345,0.14,0.47600000000000003,0.2055,0.1015,0.1085,15
3901,F,0.525,0.43,0.125,0.813,0.3315,0.166,0.1775,12
3902,I,0.16,0.12,0.02,0.018000000000000002,0.0075,0.0045,0.005,4
3903,M,0.635,0.48,0.235,1.064,0.413,0.228,0.36,16
3904,M,0.575,0.47,0.165,0.853,0.292,0.179,0.35,16
3905,M,0.38,0.27,0.095,0.21899999999999997,0.0835,0.0515,0.07,6
3906,M,0.245,0.18,0.065,0.0635,0.0245,0.0135,0.02,4
3907,I,0.48,0.39,0.15,0.6275,0.276,0.134,0.185,13
3908,I,0.455,0.365,0.135,0.441,0.1515,0.1165,0.145,9
3909,F,0.455,0.375,0.125,0.45799999999999996,0.1985,0.111,0.12,10
3910,M,0.455,0.355,0.135,0.4745,0.1865,0.0935,0.168,13
3911,I,0.355,0.27,0.1,0.21600000000000003,0.083,0.037000000000000005,0.075,10
3912,I,0.52,0.405,0.14,0.6765,0.2865,0.146,0.205,15
3913,I,0.54,0.4,0.145,0.757,0.315,0.18100000000000002,0.215,11
3914,I,0.52,0.39,0.14,0.7325,0.2415,0.14400000000000002,0.26,19
3915,I,0.56,0.445,0.165,1.0285,0.4535,0.253,0.275,11
3916,F,0.52,0.41,0.16,0.7120000000000001,0.2845,0.153,0.225,10
3917,I,0.615,0.46,0.19,1.0659999999999998,0.4335,0.226,0.33,13
3918,F,0.645,0.49,0.19,1.3065,0.479,0.3565,0.345,18
3919,I,0.565,0.43,0.135,0.8545,0.321,0.1775,0.275,11
3920,M,0.295,0.23,0.085,0.125,0.042,0.0285,0.043,8
3921,M,0.375,0.28,0.095,0.2225,0.0875,0.043,0.08,10
3922,I,0.525,0.4,0.14,0.6955,0.2405,0.16,0.253,10
3923,M,0.395,0.28,0.08,0.266,0.0995,0.066,0.09,12
3924,F,0.5,0.4,0.165,0.7105,0.27,0.1455,0.225,20
3925,F,0.47,0.35,0.115,0.48700000000000004,0.1955,0.127,0.155,8
3926,I,0.58,0.42,0.16,0.728,0.2725,0.19,0.19,14
3927,I,0.5,0.38,0.155,0.6675,0.2745,0.156,0.18,12
3928,I,0.725,0.55,0.22,2.0495,0.7735,0.4405,0.655,10
3929,F,0.65,0.515,0.215,1.4980000000000002,0.564,0.32299999999999995,0.425,16
3930,F,0.67,0.535,0.185,1.597,0.6275,0.35,0.47,21
3931,I,0.55,0.44,0.165,0.8605,0.312,0.16899999999999998,0.3,17
3932,F,0.49,0.37,0.115,0.541,0.171,0.1175,0.185,11
3933,I,0.235,0.18,0.06,0.057999999999999996,0.022000000000000002,0.0145,0.018000000000000002,6
3934,I,0.235,0.175,0.08,0.0645,0.0215,0.0175,0.0215,5
3935,M,0.52,0.41,0.115,0.77,0.263,0.157,0.26,11
3936,F,0.475,0.4,0.115,0.541,0.18600000000000003,0.1025,0.21,13
3937,M,0.53,0.425,0.11,0.7390000000000001,0.237,0.161,0.295,13
3938,F,0.35,0.275,0.065,0.205,0.0745,0.0465,0.07,10
3939,M,0.555,0.42,0.145,0.8695,0.3075,0.2575,0.25,14
3940,M,0.505,0.39,0.105,0.6555,0.2595,0.18,0.19,11
3941,F,0.54,0.44,0.16,1.0905,0.391,0.2295,0.355,15
3942,F,0.525,0.4,0.115,0.6295,0.2555,0.14400000000000002,0.18,11
3943,M,0.55,0.45,0.175,1.0985,0.3765,0.215,0.4,14
3944,M,0.55,0.44,0.16,0.991,0.348,0.168,0.375,20
3945,I,0.235,0.175,0.065,0.0615,0.0205,0.02,0.019,6
3946,M,0.525,0.41,0.165,0.8005,0.2635,0.1985,0.25,13
3947,M,0.475,0.365,0.14,0.6175,0.20199999999999999,0.1445,0.19,16
3948,F,0.53,0.4,0.165,0.772,0.2855,0.1975,0.23,12
3949,F,0.525,0.415,0.15,0.7155,0.2355,0.171,0.27,13
3950,F,0.53,0.425,0.13,0.7170000000000001,0.2115,0.166,0.255,13
3951,F,0.465,0.39,0.11,0.6355,0.1815,0.157,0.225,13
3952,I,0.315,0.235,0.08,0.18,0.08,0.045,0.047,5
3953,I,0.465,0.355,0.12,0.5805,0.255,0.0915,0.184,8
3954,M,0.485,0.385,0.105,0.556,0.29600000000000004,0.10400000000000001,0.133,7
3955,I,0.49,0.385,0.12,0.591,0.271,0.1125,0.1775,9
3956,F,0.515,0.395,0.14,0.6859999999999999,0.281,0.1255,0.22,12
3957,F,0.555,0.44,0.155,1.016,0.4935,0.1855,0.263,10
3958,F,0.61,0.5,0.18,1.4380000000000002,0.5185,0.3735,0.3345,9
3959,F,0.68,0.55,0.19,1.807,0.8225,0.3655,0.515,11
3960,M,0.69,0.55,0.195,1.777,0.769,0.38,0.4305,11
3961,M,0.695,0.55,0.205,2.173,1.133,0.4665,0.496,10
3962,F,0.72,0.575,0.195,2.1505,1.0745,0.382,0.585,10
3963,I,0.27,0.205,0.075,0.11800000000000001,0.059000000000000004,0.031,0.0305,4
3964,I,0.27,0.19,0.06,0.099,0.0445,0.017,0.03,5
3965,I,0.295,0.22,0.07,0.1365,0.0575,0.0295,0.035,6
3966,I,0.295,0.22,0.065,0.1295,0.052000000000000005,0.027999999999999997,0.035,6
3967,I,0.315,0.23,0.07,0.16399999999999998,0.0625,0.04,0.045,6
3968,I,0.375,0.29,0.095,0.2875,0.12300000000000001,0.0605,0.08,6
3969,I,0.38,0.3,0.09,0.27699999999999997,0.1655,0.0625,0.08199999999999999,6
3970,I,0.385,0.285,0.09,0.248,0.0935,0.066,0.07,6
3971,I,0.4,0.295,0.095,0.252,0.1105,0.0575,0.066,6
3972,M,0.415,0.315,0.12,0.4015,0.19899999999999998,0.087,0.09699999999999999,8
3973,I,0.415,0.33,0.1,0.3905,0.1925,0.0755,0.1025,7
3974,I,0.42,0.32,0.115,0.409,0.2055,0.0935,0.105,8
3975,I,0.44,0.33,0.135,0.4095,0.163,0.1005,0.11900000000000001,6
3976,I,0.45,0.35,0.135,0.494,0.2205,0.0945,0.1405,7
3977,I,0.475,0.35,0.12,0.4905,0.2035,0.13,0.135,7
3978,M,0.485,0.39,0.12,0.599,0.251,0.1345,0.16899999999999998,8
3979,M,0.495,0.375,0.115,0.6245,0.282,0.14300000000000002,0.155,6
3980,F,0.525,0.41,0.115,0.7745,0.41600000000000004,0.163,0.18,7
3981,M,0.565,0.455,0.15,0.9795,0.444,0.205,0.275,8
3982,I,0.58,0.435,0.15,0.8915,0.363,0.1925,0.2515,6
3983,F,0.585,0.45,0.125,0.8740000000000001,0.3545,0.2075,0.225,6
3984,M,0.6,0.465,0.155,1.262,0.6245,0.2455,0.33,10
3985,M,0.63,0.48,0.185,1.21,0.53,0.2555,0.322,11
3986,F,0.645,0.525,0.17,1.37,0.6135,0.28300000000000003,0.34,10
3987,F,0.655,0.545,0.185,1.7590000000000001,0.6865,0.313,0.547,11
3988,M,0.665,0.515,0.165,1.3855,0.621,0.302,0.3445,8
3989,F,0.67,0.52,0.195,1.8065,0.758,0.3735,0.5055,11
3990,M,0.67,0.51,0.2,1.5945,0.6705,0.3845,0.4505,10
3991,M,0.685,0.51,0.18,1.4545,0.6315,0.3105,0.3725,9
3992,M,0.7,0.6,0.23,2.003,0.8105,0.4045,0.5755,10
3993,M,0.72,0.6,0.235,2.2385,0.9840000000000001,0.41100000000000003,0.621,12
3994,I,0.185,0.135,0.045,0.032,0.011000000000000001,0.0065,0.01,4
3995,I,0.245,0.175,0.055,0.0785,0.04,0.018000000000000002,0.02,5
3996,I,0.315,0.23,0.0,0.134,0.0575,0.0285,0.3505,6
3997,I,0.36,0.27,0.09,0.2075,0.098,0.039,0.062,6
3998,I,0.375,0.28,0.08,0.2235,0.115,0.043,0.055,6
3999,I,0.415,0.31,0.095,0.34,0.18100000000000002,0.057,0.083,6
4000,I,0.455,0.35,0.135,0.5365,0.2855,0.0855,0.1325,7
4001,I,0.48,0.35,0.105,0.635,0.35200000000000004,0.127,0.135,6
4002,I,0.485,0.375,0.125,0.562,0.2505,0.1345,0.1525,8
4003,I,0.51,0.39,0.125,0.597,0.293,0.1265,0.1555,8
4004,M,0.52,0.395,0.125,0.5815,0.2565,0.1265,0.17,10
4005,F,0.555,0.43,0.14,0.7545,0.3525,0.1835,0.2015,9
4006,M,0.585,0.465,0.15,0.98,0.4315,0.2545,0.247,9
4007,F,0.585,0.46,0.15,1.0035,0.503,0.2105,0.2515,11
4008,M,0.585,0.455,0.155,1.133,0.5515,0.223,0.305,12
4009,M,0.61,0.49,0.16,1.146,0.597,0.24600000000000002,0.265,8
4010,M,0.61,0.475,0.15,1.1420000000000001,0.62,0.237,0.245,9
4011,M,0.615,0.53,0.17,1.12,0.5775,0.2095,0.28600000000000003,9
4012,F,0.62,0.465,0.14,1.011,0.479,0.2385,0.255,8
4013,M,0.625,0.505,0.175,1.131,0.5425,0.2265,0.32299999999999995,8
4014,M,0.625,0.48,0.175,1.065,0.4865,0.259,0.285,10
4015,M,0.635,0.48,0.145,1.181,0.665,0.22899999999999998,0.225,10
4016,F,0.64,0.525,0.175,1.382,0.6459999999999999,0.3115,0.37,9
4017,M,0.66,0.505,0.19,1.4385,0.6775,0.285,0.17800000000000002,11
4018,M,0.66,0.485,0.155,1.2275,0.61,0.27399999999999997,0.3,8
4019,M,0.66,0.515,0.155,1.4415,0.7055,0.3555,0.335,10
4020,F,0.68,0.55,0.175,1.473,0.713,0.282,0.4295,11
4021,F,0.69,0.58,0.195,1.6580000000000001,0.708,0.3615,0.4715,10
4022,M,0.72,0.545,0.195,1.7475,0.8215,0.38299999999999995,0.4705,11
4023,I,0.275,0.2,0.07,0.096,0.037000000000000005,0.0225,0.03,6
4024,I,0.33,0.245,0.065,0.1445,0.057999999999999996,0.032,0.0505,6
4025,I,0.33,0.26,0.085,0.1965,0.0915,0.0425,0.055,7
4026,I,0.365,0.28,0.09,0.196,0.0865,0.036000000000000004,0.0605,7
4027,I,0.365,0.27,0.09,0.2155,0.1005,0.049,0.0655,6
4028,I,0.42,0.31,0.1,0.2805,0.1125,0.0615,0.0925,8
4029,I,0.435,0.335,0.11,0.33399999999999996,0.1355,0.0775,0.0965,7
4030,I,0.435,0.325,0.1,0.366,0.174,0.0725,0.109,7
4031,I,0.44,0.325,0.11,0.4965,0.258,0.1195,0.1075,8
4032,I,0.485,0.365,0.09,0.6509999999999999,0.3165,0.132,0.18,8
4033,I,0.495,0.385,0.125,0.5125,0.2075,0.1155,0.172,10
4034,M,0.51,0.405,0.125,0.6925,0.327,0.155,0.1805,7
4035,I,0.52,0.41,0.14,0.5995,0.242,0.1375,0.182,11
4036,I,0.54,0.42,0.14,0.74,0.3595,0.159,0.1985,8
4037,I,0.54,0.415,0.155,0.7020000000000001,0.322,0.16699999999999998,0.19,10
4038,I,0.55,0.445,0.125,0.672,0.28800000000000003,0.1365,0.21,11
4039,I,0.56,0.44,0.155,0.8109999999999999,0.3685,0.17800000000000002,0.235,11
4040,F,0.575,0.45,0.12,0.9585,0.447,0.16899999999999998,0.275,12
4041,I,0.575,0.45,0.15,0.858,0.449,0.166,0.215,10
4042,F,0.575,0.46,0.165,0.9575,0.4815,0.1945,0.23600000000000002,10
4043,F,0.58,0.46,0.135,0.9259999999999999,0.4025,0.20800000000000002,0.275,8
4044,F,0.58,0.425,0.155,0.873,0.3615,0.249,0.239,10
4045,M,0.59,0.45,0.16,0.998,0.445,0.214,0.301,9
4046,M,0.6,0.46,0.155,0.6655,0.285,0.149,0.26899999999999996,11
4047,M,0.62,0.485,0.145,1.003,0.4655,0.2195,0.28,11
4048,F,0.625,0.495,0.16,1.234,0.6335,0.192,0.35,13
4049,M,0.625,0.495,0.155,1.025,0.46,0.1945,0.34,9
4050,M,0.625,0.495,0.175,1.2935,0.5805,0.317,0.355,9
4051,M,0.625,0.5,0.175,1.0565,0.4615,0.258,0.305,10
4052,M,0.625,0.47,0.145,1.7855,0.675,0.247,0.3245,13
4053,F,0.625,0.485,0.165,1.2255,0.5075,0.29600000000000004,0.36,10
4054,F,0.635,0.5,0.18,1.2565,0.539,0.292,0.35,10
4055,F,0.645,0.5,0.15,1.159,0.4675,0.3355,0.31,9
4056,M,0.645,0.51,0.165,1.403,0.5755,0.2515,0.4545,11
4057,F,0.69,0.535,0.185,1.8259999999999998,0.797,0.409,0.499,11
4058,F,0.695,0.56,0.185,1.7715,0.8195,0.331,0.43700000000000006,10
4059,M,0.515,0.39,0.12,0.6125,0.302,0.1365,0.1415,8
4060,I,0.545,0.405,0.13,0.6579999999999999,0.327,0.1445,0.174,8
4061,M,0.62,0.465,0.145,0.9109999999999999,0.375,0.2145,0.278,10
4062,M,0.63,0.49,0.15,1.1955,0.5845,0.257,0.3,9
4063,F,0.63,0.515,0.16,1.3359999999999999,0.5529999999999999,0.3205,0.35,11
4064,F,0.64,0.49,0.18,1.36,0.653,0.34700000000000003,0.305,9
4065,I,0.37,0.275,0.08,0.2325,0.09300000000000001,0.055999999999999994,0.07200000000000001,6
4066,I,0.395,0.31,0.085,0.317,0.153,0.0505,0.0935,7
4067,I,0.4,0.3,0.115,0.318,0.1335,0.0725,0.0935,6
4068,I,0.41,0.305,0.1,0.2645,0.1,0.0655,0.085,7
4069,I,0.455,0.335,0.105,0.4055,0.175,0.092,0.1185,8
4070,I,0.48,0.335,0.125,0.524,0.24600000000000002,0.1095,0.145,7
4071,I,0.485,0.375,0.11,0.46399999999999997,0.2015,0.09,0.149,8
4072,I,0.5,0.36,0.12,0.439,0.1875,0.1055,0.1305,8
4073,I,0.515,0.395,0.125,0.5805,0.2365,0.1075,0.19,9
4074,I,0.52,0.4,0.14,0.622,0.278,0.1455,0.16899999999999998,8
4075,M,0.545,0.45,0.15,0.7805,0.3795,0.1625,0.21600000000000003,8
4076,I,0.545,0.43,0.14,0.772,0.289,0.19,0.2615,8
4077,I,0.55,0.435,0.125,0.741,0.348,0.1585,0.20600000000000002,9
4078,M,0.55,0.43,0.18,0.8265,0.4405,0.159,0.225,10
4079,M,0.55,0.385,0.13,0.7275,0.34299999999999997,0.1625,0.19,8
4080,I,0.555,0.43,0.125,0.7005,0.3395,0.1355,0.2095,8
4081,M,0.56,0.45,0.145,0.9355,0.425,0.1645,0.2725,11
4082,I,0.565,0.465,0.15,1.1815,0.581,0.2215,0.3095,9
4083,M,0.57,0.445,0.16,1.0145,0.516,0.16399999999999998,0.3,10
4084,F,0.575,0.48,0.17,1.1,0.506,0.2485,0.31,10
4085,M,0.585,0.51,0.16,1.218,0.639,0.24100000000000002,0.3,11
4086,M,0.59,0.45,0.155,0.8740000000000001,0.369,0.2135,0.24,8
4087,I,0.595,0.475,0.155,0.9840000000000001,0.4865,0.184,0.2755,10
4088,M,0.6,0.47,0.13,1.0105,0.423,0.21899999999999997,0.298,9
4089,M,0.61,0.365,0.155,1.0765,0.488,0.249,0.27,9
4090,M,0.615,0.475,0.205,1.337,0.5995,0.2815,0.37,11
4091,M,0.625,0.5,0.18,1.3705,0.645,0.303,0.3705,12
4092,F,0.625,0.49,0.19,1.7015,0.7465,0.4105,0.3855,11
4093,M,0.63,0.485,0.18,1.2435,0.5175,0.308,0.37,11
4094,M,0.63,0.53,0.175,1.4135,0.667,0.2945,0.3555,13
4095,F,0.635,0.485,0.155,1.073,0.467,0.1975,0.35,11
4096,F,0.635,0.5,0.175,1.4769999999999999,0.684,0.3005,0.39,12
4097,M,0.635,0.5,0.18,1.2915,0.594,0.2695,0.37,9
4098,F,0.65,0.495,0.16,1.3105,0.5770000000000001,0.3315,0.355,9
4099,M,0.67,0.525,0.18,1.4915,0.728,0.34299999999999997,0.381,9
4100,F,0.675,0.52,0.175,1.494,0.7365,0.3055,0.37,9
4101,F,0.675,0.51,0.15,1.1965,0.475,0.304,0.386,11
4102,M,0.68,0.545,0.185,1.672,0.7075,0.364,0.48,11
4103,M,0.7,0.545,0.215,1.9125,0.8825,0.4385,0.506,10
4104,F,0.71,0.545,0.175,1.9069999999999998,0.8725,0.4565,0.475,11
4105,F,0.715,0.565,0.18,1.79,0.8440000000000001,0.3535,0.5385,9
4106,F,0.72,0.59,0.205,1.7495,0.7755,0.4225,0.48,11
4107,I,0.42,0.305,0.1,0.3415,0.1645,0.0775,0.086,7
4108,I,0.48,0.35,0.1,0.519,0.2365,0.1275,0.126,7
4109,M,0.48,0.365,0.13,0.5305,0.2405,0.127,0.139,8
4110,M,0.51,0.41,0.155,1.2825,0.569,0.29100000000000004,0.3795,9
4111,I,0.515,0.4,0.14,0.7165,0.3495,0.1595,0.1785,8
4112,F,0.56,0.42,0.18,1.6645,0.7755,0.35,0.4525,9
4113,I,0.56,0.42,0.14,0.8370000000000001,0.414,0.214,0.2,8
4114,F,0.57,0.45,0.15,0.9645,0.531,0.18899999999999997,0.209,9
4115,F,0.605,0.465,0.155,1.1,0.547,0.2665,0.2585,10
4116,M,0.625,0.48,0.16,1.2415,0.6575,0.2625,0.2785,9
4117,F,0.64,0.505,0.175,1.3185,0.6185,0.302,0.3315,9
4118,M,0.65,0.525,0.185,1.3455,0.586,0.278,0.3865,9
4119,I,0.3,0.215,0.05,0.1185,0.048,0.0225,0.042,4
4120,M,0.35,0.265,0.09,0.19699999999999998,0.073,0.0365,0.077,7
4121,I,0.455,0.35,0.13,0.4725,0.215,0.0745,0.15,9
4122,I,0.46,0.365,0.11,0.4495,0.1755,0.102,0.15,8
4123,I,0.49,0.375,0.115,0.557,0.2275,0.1335,0.1765,8
4124,I,0.5,0.385,0.12,0.516,0.19699999999999998,0.1305,0.165,8
4125,I,0.54,0.415,0.135,0.7090000000000001,0.3195,0.174,0.185,9
4126,M,0.55,0.42,0.145,0.7385,0.321,0.1485,0.252,11
4127,I,0.55,0.445,0.11,0.7935,0.37799999999999995,0.142,0.26,10
4128,M,0.555,0.435,0.145,0.9205,0.40399999999999997,0.2275,0.255,8
4129,I,0.57,0.425,0.14,0.7655,0.331,0.14,0.24,10
4130,M,0.58,0.45,0.14,0.8240000000000001,0.3465,0.1765,0.263,10
4131,I,0.58,0.425,0.145,0.83,0.379,0.1605,0.2575,11
4132,I,0.585,0.47,0.17,0.985,0.3695,0.2395,0.315,10
4133,M,0.585,0.45,0.15,0.997,0.4055,0.28300000000000003,0.251,11
4134,F,0.595,0.455,0.14,0.914,0.3895,0.2225,0.271,9
4135,F,0.6,0.5,0.17,1.13,0.4405,0.267,0.335,11
4136,F,0.615,0.495,0.155,1.0805,0.52,0.19,0.32,9
4137,M,0.63,0.505,0.155,1.105,0.49200000000000005,0.226,0.325,11
4138,M,0.63,0.49,0.155,1.229,0.535,0.29,0.335,11
4139,F,0.635,0.495,0.175,1.2355,0.5205,0.3085,0.34700000000000003,10
4140,F,0.645,0.535,0.19,1.2395,0.46799999999999997,0.2385,0.424,10
4141,F,0.65,0.505,0.165,1.357,0.5725,0.281,0.43,11
4142,M,0.655,0.525,0.18,1.402,0.624,0.2935,0.365,13
4143,F,0.655,0.5,0.22,1.359,0.642,0.3255,0.405,13
4144,M,0.67,0.535,0.19,1.669,0.7465,0.2935,0.508,11
4145,M,0.67,0.525,0.2,1.7405,0.6205,0.297,0.657,11
4146,M,0.695,0.53,0.21,1.51,0.664,0.4095,0.385,10
4147,M,0.695,0.55,0.195,1.6645,0.727,0.36,0.445,11
4148,M,0.77,0.605,0.175,2.0505,0.8005,0.526,0.355,11
4149,I,0.28,0.215,0.07,0.124,0.063,0.0215,0.03,6
4150,I,0.33,0.23,0.08,0.14,0.0565,0.0365,0.046,7
4151,I,0.35,0.25,0.075,0.1695,0.0835,0.0355,0.040999999999999995,6
4152,I,0.37,0.28,0.09,0.218,0.0995,0.0545,0.0615,7
4153,I,0.43,0.315,0.115,0.384,0.1885,0.0715,0.11,8
4154,I,0.435,0.33,0.095,0.39299999999999996,0.21899999999999997,0.075,0.0885,6
4155,I,0.44,0.35,0.11,0.3805,0.1575,0.0895,0.115,6
4156,M,0.475,0.37,0.11,0.4895,0.2185,0.107,0.146,8
4157,M,0.475,0.36,0.14,0.5135,0.24100000000000002,0.1045,0.155,8
4158,I,0.48,0.355,0.11,0.4495,0.201,0.08900000000000001,0.14,8
4159,F,0.56,0.44,0.135,0.8025,0.35,0.1615,0.259,9
4160,F,0.585,0.475,0.165,1.053,0.45799999999999996,0.217,0.3,11
4161,F,0.585,0.455,0.17,0.9945,0.4255,0.263,0.2845,11
4162,M,0.385,0.255,0.1,0.3175,0.13699999999999998,0.068,0.092,8
4163,I,0.39,0.31,0.085,0.344,0.18100000000000002,0.0695,0.079,7
4164,I,0.39,0.29,0.1,0.2845,0.1255,0.0635,0.081,7
4165,I,0.405,0.3,0.085,0.3035,0.15,0.0505,0.08800000000000001,7
4166,I,0.475,0.365,0.115,0.499,0.23199999999999998,0.0885,0.156,10
4167,M,0.5,0.38,0.125,0.5770000000000001,0.26899999999999996,0.1265,0.1535,9
4168,F,0.515,0.4,0.125,0.615,0.2865,0.12300000000000001,0.1765,8
4169,M,0.52,0.385,0.165,0.7909999999999999,0.375,0.18,0.1815,10
4170,M,0.55,0.43,0.13,0.8395,0.3155,0.1955,0.2405,10
4171,M,0.56,0.43,0.155,0.8675,0.4,0.172,0.22899999999999998,8
4172,F,0.565,0.45,0.165,0.887,0.37,0.239,0.249,11
4173,M,0.59,0.44,0.135,0.966,0.439,0.2145,0.2605,10
4174,M,0.6,0.475,0.205,1.176,0.5255,0.2875,0.308,9
4175,F,0.625,0.485,0.15,1.0945,0.531,0.261,0.29600000000000004,10
4176,M,0.71,0.555,0.195,1.9485,0.9455,0.3765,0.495,12
